[1,0],
[2,1],
[3,2],
[4,1],
[5,4],
[6,5],
[7,5],
[8,4],
[9,8],
[10,9],
[11,9],
[12,8],
[13,12],
[14,13],
[15,13],
[16,12],
[17,16],
[18,17],
[19,17],
[20,16],
[21,20],
[22,21],
[23,21],
[24,20],
[25,24],
[26,25],
[27,26],
[28,27],
[29,26],
[30,29],
[31,30],
[32,25],
[33,0],
[34,33],
[35,34],
[36,35],
[37,34],
[38,37],
[39,38],
[40,38],
[41,37],
[42,41],
[43,42],
[44,42],
[45,41],
[46,45],
[47,46],
[48,46],
[49,45],
[50,49],
[51,50],
[52,50],
[53,49],
[54,53],
[55,54],
[56,54],
[57,53],
[58,57],
[59,58],
[60,58],
[61,57],
[62,61],
[63,62],
[64,63],
[65,64],
[66,65],
[67,66],
[68,67],
[69,68],
[70,69],
[71,70],
[72,71],
[73,72],
[74,73],
[75,74],
[76,75],
[77,76],
[78,76],
[79,78],
[80,79],
[81,80],
[82,79],
[83,82],
[84,83],
[85,83],
[86,82],
[87,86],
[88,87],
[89,87],
[90,86],
[91,90],
[92,91],
[93,90],
[94,93],
[95,94],
[96,93],
[97,96],
[98,97],
[99,97],
[100,96],
[101,100],
[102,101],
[103,101],
[104,100],
[105,104],
[106,105],
[107,104],
[108,107],
[109,108],
[110,109],
[111,110],
[112,109],
[113,112],
[114,113],
[115,113],
[116,112],
[117,116],
[118,117],
[119,117],
[120,116],
[121,120],
[122,121],
[123,121],
[124,120],
[125,124],
[126,125],
[127,125],
[128,124],
[129,128],
[130,129],
[131,128],
[132,131],
[133,132],
[134,131],
[135,134],
[136,135],
[137,135],
[138,134],
[139,138],
[140,139],
[141,139],
[142,138],
[143,142],
[144,143],
[145,142],
[146,145],
[147,146],
[148,145],
[149,148],
[150,149],
[151,148],
[152,151],
[153,152],
[154,153],
[155,154],
[156,154],
[157,156],
[158,157],
[159,158],
[160,157],
[161,160],
[162,74],
[163,162],
[164,162],
[165,73],
[166,165],
[167,72],
[168,167],
[169,71],
[170,169],
[171,169],
[172,70],
[173,172],
[174,172],
[175,69],
[176,175],
[177,175],
[178,68],
[179,178],
[180,67],
[181,66],
[182,181],
[183,181],
[184,65],
[185,184],
[186,184],
[187,186],
[188,186],
[189,64],
[190,189],
[191,189],
[192,63],
[193,192],
[195,194],
[196,195],
[197,195],
[198,197],
[200,199],
[201,200],
[202,200],
[203,202],
[205,204],
[207,206],
[209,208],
[211,210],
[212,211],
[213,212],
[214,213],
[215,212],
[216,215],
[217,216],
[218,217],
[219,212],
[221,220],
[222,221],
[224,223],
[225,224],
[226,224],
[227,226],
[228,227],
[230,229],
[232,231],
[234,233],
[235,234],
[236,235],
[237,234],
[238,237],
[239,238],
[240,238],
[241,237],
[242,241],
[243,242],
[244,242],
[245,241],
[246,245],
[247,246],
[248,246],
[249,245],
[250,249],
[251,250],
[252,250],
[253,249],
[254,253],
[255,254],
[256,254],
[257,253],
[258,257],
[259,258],
[260,259],
[261,260],
[262,261],
[263,262],
[264,263],
[265,264],
[266,265],
[267,266],
[268,267],
[269,268],
[270,269],
[271,270],
[272,271],
[273,272],
[274,273],
[275,272],
[276,275],
[277,276],
[278,275],
[279,278],
[280,279],
[281,278],
[282,281],
[283,282],
[284,282],
[285,281],
[286,285],
[287,286],
[288,286],
[289,285],
[290,289],
[291,290],
[292,289],
[293,292],
[294,293],
[295,292],
[296,295],
[297,296],
[298,296],
[299,295],
[300,299],
[301,300],
[302,300],
[303,299],
[304,303],
[305,304],
[306,303],
[307,306],
[308,307],
[309,308],
[310,309],
[311,308],
[312,311],
[313,312],
[314,312],
[315,311],
[316,315],
[317,316],
[318,316],
[319,315],
[320,319],
[321,320],
[322,320],
[323,319],
[324,323],
[325,324],
[326,324],
[327,323],
[328,327],
[329,328],
[330,327],
[331,330],
[332,331],
[333,330],
[334,333],
[335,334],
[336,334],
[337,333],
[338,337],
[339,338],
[340,338],
[341,337],
[342,341],
[343,342],
[344,341],
[345,344],
[346,345],
[347,346],
[348,347],
[349,348],
[350,349],
[351,350],
[352,351],
[353,352],
[354,353],
[355,354],
[356,355],
[357,356],
[358,357],
[359,358],
[360,359],
[361,360],
[362,359],
[363,362],
[364,363],
[365,364],
[366,365],
[367,365],
[368,364],
[369,368],
[370,369],
[371,369],
[372,368],
[373,372],
[374,373],
[375,373],
[376,372],
[377,376],
[378,377],
[379,377],
[380,376],
[381,380],
[382,381],
[383,381],
[384,380],
[385,384],
[386,385],
[387,385],
[388,384],
[389,388],
[390,389],
[391,388],
[392,391],
[393,358],
[394,393],
[395,393],
[396,357],
[397,396],
[398,396],
[399,356],
[400,399],
[401,399],
[402,355],
[403,354],
[404,403],
[405,353],
[406,405],
[407,405],
[408,352],
[409,408],
[410,408],
[411,351],
[412,411],
[413,411],
[414,350],
[415,414],
[416,347],
[417,341],
[418,269],
[419,418],
[420,268],
[421,420],
[422,420],
[423,267],
[424,423],
[425,264],
[426,263],
[427,426],
[428,427],
[429,262],
[430,258],
[432,431],
[433,432],
[434,433],
[435,434],
[436,435],
[437,436],
[438,437],
[439,437],
[440,439],
[441,440],
[442,441],
[443,442],
[445,444],
[446,445],
[447,446],
[448,445],
[449,448],
[450,449],
[451,449],
[452,448],
[453,452],
[454,453],
[455,453],
[456,452],
[457,456],
[458,457],
[459,457],
[460,456],
[461,460],
[462,461],
[463,461],
[464,460],
[465,464],
[466,465],
[467,465],
[468,464],
[469,468],
[470,469],
[471,470],
[472,471],
[473,472],
[474,473],
[475,474],
[476,475],
[477,476],
[478,477],
[479,478],
[480,479],
[481,480],
[482,481],
[483,482],
[484,483],
[485,484],
[486,485],
[487,484],
[488,487],
[489,488],
[490,487],
[491,490],
[492,491],
[493,490],
[494,493],
[495,494],
[496,494],
[497,493],
[498,497],
[499,498],
[500,498],
[501,497],
[502,501],
[503,502],
[504,501],
[505,504],
[506,505],
[507,504],
[508,507],
[509,508],
[510,508],
[511,507],
[512,511],
[513,512],
[514,512],
[515,511],
[516,515],
[517,516],
[518,516],
[519,515],
[520,519],
[521,520],
[522,520],
[523,519],
[524,523],
[525,524],
[526,523],
[527,526],
[528,527],
[529,528],
[530,529],
[531,528],
[532,531],
[533,532],
[534,532],
[535,531],
[536,535],
[537,536],
[538,536],
[539,535],
[540,539],
[541,540],
[542,540],
[543,539],
[544,543],
[545,544],
[546,544],
[547,543],
[548,547],
[549,548],
[550,547],
[551,550],
[552,551],
[553,550],
[554,553],
[555,554],
[556,554],
[557,553],
[558,557],
[559,558],
[560,558],
[561,557],
[562,561],
[563,562],
[564,561],
[565,564],
[566,565],
[567,565],
[568,567],
[569,568],
[570,569],
[571,570],
[572,571],
[573,572],
[574,573],
[575,574],
[576,575],
[577,576],
[578,577],
[579,578],
[580,579],
[581,580],
[582,579],
[583,582],
[584,583],
[585,584],
[586,585],
[587,585],
[588,584],
[589,588],
[590,589],
[591,589],
[592,588],
[593,592],
[594,593],
[595,593],
[596,592],
[597,596],
[598,597],
[599,597],
[600,596],
[601,600],
[602,601],
[603,601],
[604,600],
[605,604],
[606,605],
[607,605],
[608,604],
[609,608],
[610,609],
[611,608],
[612,611],
[613,578],
[614,613],
[615,613],
[616,577],
[617,616],
[618,616],
[619,576],
[620,619],
[621,619],
[622,575],
[623,574],
[624,623],
[625,573],
[626,625],
[627,625],
[628,572],
[629,628],
[630,628],
[631,571],
[632,631],
[633,631],
[634,570],
[635,634],
[636,569],
[637,636],
[638,568],
[639,638],
[640,638],
[641,481],
[642,641],
[643,480],
[644,643],
[645,643],
[646,479],
[647,646],
[648,476],
[649,475],
[650,649],
[651,650],
[652,650],
[653,649],
[654,653],
[655,653],
[656,655],
[657,474],
[658,657],
[659,473],
[660,469],
[662,661],
[663,662],
[664,663],
[665,664],
[666,665],
[667,666],
[668,667],
[669,668],
[670,669],
[671,670],
[672,668],
[673,672],
[674,673],
[675,674],
[676,675],
[677,667],
[678,677],
[680,679],
[682,681],
[683,682],
[684,683],
[685,682],
[686,685],
[687,686],
[688,686],
[689,685],
[690,689],
[691,690],
[692,690],
[693,689],
[694,693],
[695,694],
[696,694],
[697,693],
[698,697],
[699,698],
[700,698],
[701,697],
[702,701],
[703,702],
[704,702],
[705,701],
[706,705],
[707,706],
[708,707],
[709,708],
[710,709],
[711,710],
[712,711],
[713,712],
[714,713],
[715,714],
[716,715],
[717,716],
[718,717],
[719,718],
[720,719],
[721,720],
[722,721],
[723,722],
[724,723],
[725,724],
[726,725],
[727,726],
[728,727],
[729,728],
[730,727],
[731,730],
[732,731],
[733,730],
[734,733],
[735,734],
[736,733],
[737,736],
[738,737],
[739,737],
[740,736],
[741,740],
[742,741],
[743,741],
[744,740],
[745,744],
[746,745],
[747,744],
[748,747],
[749,748],
[750,747],
[751,750],
[752,751],
[753,751],
[754,750],
[755,754],
[756,755],
[757,755],
[758,754],
[759,758],
[760,759],
[761,759],
[762,758],
[763,762],
[764,763],
[765,763],
[766,762],
[767,766],
[768,767],
[769,766],
[770,769],
[771,770],
[772,771],
[773,772],
[774,771],
[775,774],
[776,775],
[777,775],
[778,774],
[779,778],
[780,779],
[781,779],
[782,778],
[783,782],
[784,783],
[785,783],
[786,782],
[787,786],
[788,787],
[789,787],
[790,786],
[791,790],
[792,791],
[793,790],
[794,793],
[795,794],
[796,793],
[797,796],
[798,797],
[799,797],
[800,796],
[801,800],
[802,801],
[803,801],
[804,800],
[805,804],
[806,805],
[807,805],
[808,804],
[809,808],
[810,809],
[811,808],
[812,811],
[813,812],
[814,813],
[815,814],
[816,815],
[817,816],
[818,817],
[819,818],
[820,819],
[821,820],
[822,821],
[823,822],
[824,823],
[825,824],
[826,825],
[827,826],
[828,827],
[829,828],
[830,829],
[831,829],
[832,828],
[833,832],
[834,833],
[835,833],
[836,832],
[837,836],
[838,837],
[839,837],
[840,836],
[841,840],
[842,841],
[843,841],
[844,840],
[845,844],
[846,845],
[847,845],
[848,844],
[849,848],
[850,849],
[851,848],
[852,851],
[853,827],
[854,853],
[855,854],
[856,855],
[857,856],
[858,824],
[859,858],
[860,859],
[861,860],
[862,861],
[863,862],
[864,862],
[865,864],
[866,865],
[867,866],
[868,867],
[869,821],
[870,869],
[871,820],
[872,871],
[873,871],
[874,819],
[875,874],
[876,874],
[877,818],
[878,877],
[879,877],
[880,817],
[881,880],
[882,814],
[883,808],
[884,724],
[885,884],
[886,723],
[887,886],
[888,886],
[889,722],
[890,889],
[891,719],
[892,891],
[893,718],
[894,893],
[895,893],
[896,717],
[897,896],
[898,896],
[899,716],
[900,899],
[901,899],
[902,715],
[903,714],
[904,710],
[905,706],
[907,906],
[908,907],
[909,908],
[910,908],
[911,910],
[912,907],
[913,912],
[914,912],
[915,906],
[916,915],
[918,917],
[920,919],
[922,921],
[923,922],
[924,923],
[925,924],
[926,925],
[927,926],
[928,927],
[929,928],
[930,929],
[931,930],
[932,931],
[933,930],
[934,933],
[935,934],
[936,933],
[937,936],
[938,937],
[939,936],
[940,939],
[941,940],
[942,940],
[943,939],
[944,943],
[945,944],
[946,944],
[947,943],
[948,947],
[949,948],
[950,947],
[951,950],
[952,951],
[953,950],
[954,953],
[955,954],
[956,954],
[957,953],
[958,957],
[959,958],
[960,958],
[961,957],
[962,961],
[963,962],
[964,962],
[965,961],
[966,965],
[967,966],
[968,966],
[969,965],
[970,969],
[971,970],
[972,969],
[973,972],
[974,973],
[975,974],
[976,974],
[977,976],
[978,976],
[979,978],
[980,979],
[981,978],
[982,981],
[983,982],
[984,983],
[985,984],
[986,984],
[987,986],
[988,986],
[989,988],
[990,989],
[991,990],
[992,991],
[993,992],
[994,991],
[995,982],
[996,927],
[997,996],
[998,926],
[999,998],
[1000,998],
[1001,925],
[1002,1001],
[1003,922],
[1005,1004],
[1007,1006],
[1008,1007],
[1009,1008],
[1010,1009],
[1011,1010],
[1012,1011],
[1013,1012],
[1014,1013],
[1015,1013],
[1016,1015],
[1017,1016],
[1018,1017],
[1019,1018],
[1020,1019],
[1021,1018],
[1022,1011],
[1023,1022],
[1024,1022],
[1025,1010],
[1026,1025],
[1027,1007],
[1029,1028],
[1030,1029],
[1031,1030],
[1032,1031],
[1033,1032],
[1034,1033],
[1035,1034],
[1036,1035],
[1037,1035],
[1038,1037],
[1039,1038],
[1040,1039],
[1041,1040],
[1042,1041],
[1043,1040],
[1044,1033],
[1045,1044],
[1046,1044],
[1047,1032],
[1048,1047],
[1050,1049],
[1051,1050],
[1052,1051],
[1053,1052],
[1054,1053],
[1055,1054],
[1056,1055],
[1057,1056],
[1058,1056],
[1059,1058],
[1060,1059],
[1061,1060],
[1062,1061],
[1063,1062],
[1064,1061],
[1065,1054],
[1066,1065],
[1067,1065],
[1068,1053],
[1069,1068],
[1070,1050],
