[53,-99,105],
[38,-99,105],
[22,-99,105],
[3,-99,105],
[-13,-99,105],
[-30,-99,105],
[-89,-99,105],
[-107,-99,105],
[-125,-99,105],
[-143,-99,105],
[-160,-99,105],
[-179,-99,105],
[-213,-63,105],
[174,-45,105],
[-213,-43,105],
[-213,-12,105],
[-213,3,105],
[-213,36,105],
[195,39,105],
[-213,54,105],
[-213,69,105],
[-181,97,105],
[99,99,105],
[85,99,105],
[65,99,105],
[48,99,105],
[29,99,105],
[-129,99,105],
[-147,99,105],
[198,100,105],
[166,100,105],
[150,100,105],
[131,100,105],
[-34,100,105],
[-77,100,105],
[-63,101,105],
