[1,0],
[2,1],
[3,2],
[4,1],
[5,4],
[6,5],
[7,5],
[8,4],
[9,8],
[10,9],
[11,9],
[12,8],
[13,12],
[14,13],
[15,13],
[16,12],
[17,16],
[18,17],
[19,17],
[20,16],
[21,20],
[22,21],
[23,21],
[24,20],
[25,24],
[26,25],
[27,26],
[28,27],
[29,26],
[30,29],
[31,30],
[32,25],
[33,0],
[34,33],
[35,34],
[36,35],
[37,34],
[38,37],
[39,38],
[40,38],
[41,37],
[42,41],
[43,42],
[44,42],
[45,41],
[46,45],
[47,46],
[48,46],
[49,45],
[50,49],
[51,50],
[52,50],
[53,49],
[54,53],
[55,54],
[56,54],
[57,53],
[58,57],
[59,58],
[60,58],
[61,57],
[62,61],
[63,62],
[64,63],
[65,64],
[66,65],
[67,66],
[68,67],
[69,68],
[70,69],
[71,70],
[72,71],
[73,72],
[74,73],
[75,74],
[76,75],
[77,76],
[78,76],
[79,78],
[80,79],
[81,80],
[82,79],
[83,82],
[84,83],
[85,83],
[86,82],
[87,86],
[88,87],
[89,87],
[90,86],
[91,90],
[92,91],
[93,90],
[94,93],
[95,94],
[96,93],
[97,96],
[98,97],
[99,97],
[100,96],
[101,100],
[102,101],
[103,101],
[104,100],
[105,104],
[106,105],
[107,104],
[108,107],
[109,108],
[110,109],
[111,110],
[112,109],
[113,112],
[114,113],
[115,113],
[116,112],
[117,116],
[118,117],
[119,117],
[120,116],
[121,120],
[122,121],
[123,121],
[124,120],
[125,124],
[126,125],
[127,125],
[128,124],
[129,128],
[130,129],
[131,128],
[132,131],
[133,132],
[134,131],
[135,134],
[136,135],
[137,135],
[138,134],
[139,138],
[140,139],
[141,139],
[142,138],
[143,142],
[144,143],
[145,142],
[146,145],
[147,146],
[148,145],
[149,148],
[150,149],
[151,148],
[152,151],
[153,152],
[154,153],
[155,154],
[156,154],
[157,156],
[158,157],
[159,158],
[160,157],
[161,160],
[162,74],
[163,162],
[164,162],
[165,73],
[166,165],
[167,72],
[168,167],
[169,71],
[170,169],
[171,169],
[172,70],
[173,172],
[174,172],
[175,69],
[176,175],
[177,175],
[178,68],
[179,178],
[180,67],
[181,66],
[182,181],
[183,181],
[184,65],
[185,184],
[186,184],
[187,64],
[188,187],
[189,187],
[190,63],
[191,190],
[193,192],
[194,193],
[195,193],
[196,195],
[198,197],
[199,198],
[200,198],
[201,200],
[203,202],
[205,204],
[207,206],
[209,208],
[210,209],
[211,210],
[212,211],
[213,210],
[214,213],
[215,214],
[216,215],
[217,210],
[219,218],
[220,219],
[222,221],
[223,222],
[224,222],
[225,224],
[226,225],
[228,227],
[230,229],
[1,0],
[2,1],
[3,2],
[4,1],
[5,4],
[6,5],
[7,5],
[8,4],
[9,8],
[10,9],
[11,9],
[12,8],
[13,12],
[14,13],
[15,13],
[16,12],
[17,16],
[18,17],
[19,17],
[20,16],
[21,20],
[22,21],
[23,21],
[24,20],
[25,24],
[26,25],
[27,26],
[28,27],
[29,26],
[30,29],
[31,30],
[32,25],
[33,0],
[34,33],
[35,34],
[36,35],
[37,34],
[38,37],
[39,38],
[40,38],
[41,37],
[42,41],
[43,42],
[44,42],
[45,41],
[46,45],
[47,46],
[48,46],
[49,45],
[50,49],
[51,50],
[52,50],
[53,49],
[54,53],
[55,54],
[56,54],
[57,53],
[58,57],
[59,58],
[60,58],
[61,57],
[62,61],
[63,62],
[64,63],
[65,64],
[66,65],
[67,66],
[68,67],
[69,68],
[70,69],
[71,70],
[72,71],
[73,72],
[74,73],
[75,74],
[76,75],
[77,76],
[78,76],
[79,78],
[80,79],
[81,80],
[82,79],
[83,82],
[84,83],
[85,83],
[86,82],
[87,86],
[88,87],
[89,87],
[90,86],
[91,90],
[92,91],
[93,90],
[94,93],
[95,94],
[96,93],
[97,96],
[98,97],
[99,97],
[100,96],
[101,100],
[102,101],
[103,101],
[104,100],
[105,104],
[106,105],
[107,104],
[108,107],
[109,108],
[110,109],
[111,110],
[112,109],
[113,112],
[114,113],
[115,113],
[116,112],
[117,116],
[118,117],
[119,117],
[120,116],
[121,120],
[122,121],
[123,121],
[124,120],
[125,124],
[126,125],
[127,125],
[128,124],
[129,128],
[130,129],
[131,128],
[132,131],
[133,132],
[134,131],
[135,134],
[136,135],
[137,135],
[138,134],
[139,138],
[140,139],
[141,139],
[142,138],
[143,142],
[144,143],
[145,142],
[146,145],
[147,146],
[148,145],
[149,148],
[150,149],
[151,148],
[152,151],
[153,152],
[154,153],
[155,154],
[156,154],
[157,156],
[158,157],
[159,158],
[160,157],
[161,160],
[162,74],
[163,162],
[164,162],
[165,73],
[166,165],
[167,72],
[168,167],
[169,71],
[170,169],
[171,169],
[172,70],
[173,172],
[174,172],
[175,69],
[176,175],
[177,175],
[178,68],
[179,178],
[180,67],
[181,66],
[182,181],
[183,181],
[184,65],
[185,184],
[186,184],
[187,64],
[188,187],
[189,187],
[190,63],
[191,190],
[193,192],
[194,193],
[195,193],
[196,195],
[198,197],
[199,198],
[200,198],
[201,200],
[203,202],
[205,204],
[207,206],
[209,208],
[210,209],
[211,210],
[212,211],
[213,210],
[214,213],
[215,214],
[216,215],
[217,210],
[219,218],
[220,219],
[222,221],
[223,222],
[224,222],
[225,224],
[226,225],
[228,227],
[230,229],
[232,231],
[233,232],
[234,233],
[235,232],
[236,235],
[237,236],
[238,236],
[239,235],
[240,239],
[241,240],
[242,240],
[243,239],
[244,243],
[245,244],
[246,244],
[247,243],
[248,247],
[249,248],
[250,248],
[251,247],
[252,251],
[253,252],
[254,252],
[255,251],
[256,255],
[257,256],
[258,257],
[259,258],
[260,257],
[261,260],
[262,261],
[263,256],
[264,231],
[265,264],
[266,265],
[267,266],
[268,265],
[269,268],
[270,269],
[271,269],
[272,268],
[273,272],
[274,273],
[275,273],
[276,272],
[277,276],
[278,277],
[279,277],
[280,276],
[281,280],
[282,281],
[283,281],
[284,280],
[285,284],
[286,285],
[287,285],
[288,284],
[289,288],
[290,289],
[291,289],
[292,288],
[293,292],
[294,293],
[295,294],
[296,295],
[297,296],
[298,297],
[299,298],
[300,299],
[301,300],
[302,301],
[303,302],
[304,303],
[305,304],
[306,305],
[307,306],
[308,307],
[309,307],
[310,309],
[311,310],
[312,311],
[313,310],
[314,313],
[315,314],
[316,314],
[317,313],
[318,317],
[319,318],
[320,318],
[321,317],
[322,321],
[323,322],
[324,321],
[325,324],
[326,325],
[327,324],
[328,327],
[329,328],
[330,328],
[331,327],
[332,331],
[333,332],
[334,332],
[335,331],
[336,335],
[337,336],
[338,335],
[339,338],
[340,339],
[341,340],
[342,341],
[343,340],
[344,343],
[345,344],
[346,344],
[347,343],
[348,347],
[349,348],
[350,348],
[351,347],
[352,351],
[353,352],
[354,352],
[355,351],
[356,355],
[357,356],
[358,356],
[359,355],
[360,359],
[361,360],
[362,359],
[363,362],
[364,363],
[365,362],
[366,365],
[367,366],
[368,366],
[369,365],
[370,369],
[371,370],
[372,370],
[373,369],
[374,373],
[375,374],
[376,373],
[377,376],
[378,377],
[379,376],
[380,379],
[381,380],
[382,379],
[383,382],
[384,383],
[385,384],
[386,385],
[387,385],
[388,387],
[389,388],
[390,389],
[391,388],
[392,391],
[393,305],
[394,393],
[395,393],
[396,304],
[397,396],
[398,303],
[399,398],
[400,302],
[401,400],
[402,400],
[403,301],
[404,403],
[405,403],
[406,300],
[407,406],
[408,406],
[409,299],
[410,409],
[411,298],
[412,297],
[413,412],
[414,412],
[415,296],
[416,415],
[417,415],
[418,295],
[419,418],
[420,418],
[421,294],
[422,421],
[424,423],
[425,424],
[426,424],
[427,426],
[429,428],
[430,429],
[431,429],
[432,431],
[434,433],
[436,435],
[438,437],
[440,439],
[441,440],
[442,441],
[443,442],
[444,441],
[445,444],
[446,445],
[447,446],
[448,441],
[450,449],
[451,450],
[453,452],
[454,453],
[455,453],
[456,455],
[457,456],
[459,458],
[461,460],
[1,0],
[2,1],
[3,2],
[4,1],
[5,4],
[6,5],
[7,5],
[8,4],
[9,8],
[10,9],
[11,9],
[12,8],
[13,12],
[14,13],
[15,13],
[16,12],
[17,16],
[18,17],
[19,17],
[20,16],
[21,20],
[22,21],
[23,21],
[24,20],
[25,24],
[26,25],
[27,26],
[28,27],
[29,26],
[30,29],
[31,30],
[32,25],
[33,0],
[34,33],
[35,34],
[36,35],
[37,34],
[38,37],
[39,38],
[40,38],
[41,37],
[42,41],
[43,42],
[44,42],
[45,41],
[46,45],
[47,46],
[48,46],
[49,45],
[50,49],
[51,50],
[52,50],
[53,49],
[54,53],
[55,54],
[56,54],
[57,53],
[58,57],
[59,58],
[60,58],
[61,57],
[62,61],
[63,62],
[64,63],
[65,64],
[66,65],
[67,66],
[68,67],
[69,68],
[70,69],
[71,70],
[72,71],
[73,72],
[74,73],
[75,74],
[76,75],
[77,76],
[78,76],
[79,78],
[80,79],
[81,80],
[82,79],
[83,82],
[84,83],
[85,83],
[86,82],
[87,86],
[88,87],
[89,87],
[90,86],
[91,90],
[92,91],
[93,90],
[94,93],
[95,94],
[96,93],
[97,96],
[98,97],
[99,97],
[100,96],
[101,100],
[102,101],
[103,101],
[104,100],
[105,104],
[106,105],
[107,104],
[108,107],
[109,108],
[110,109],
[111,110],
[112,109],
[113,112],
[114,113],
[115,113],
[116,112],
[117,116],
[118,117],
[119,117],
[120,116],
[121,120],
[122,121],
[123,121],
[124,120],
[125,124],
[126,125],
[127,125],
[128,124],
[129,128],
[130,129],
[131,128],
[132,131],
[133,132],
[134,131],
[135,134],
[136,135],
[137,135],
[138,134],
[139,138],
[140,139],
[141,139],
[142,138],
[143,142],
[144,143],
[145,142],
[146,145],
[147,146],
[148,145],
[149,148],
[150,149],
[151,148],
[152,151],
[153,152],
[154,153],
[155,154],
[156,154],
[157,156],
[158,157],
[159,158],
[160,157],
[161,160],
[162,74],
[163,162],
[164,162],
[165,73],
[166,165],
[167,72],
[168,167],
[169,71],
[170,169],
[171,169],
[172,70],
[173,172],
[174,172],
[175,69],
[176,175],
[177,175],
[178,68],
[179,178],
[180,67],
[181,66],
[182,181],
[183,181],
[184,65],
[185,184],
[186,184],
[187,64],
[188,187],
[189,187],
[190,63],
[191,190],
[193,192],
[194,193],
[195,193],
[196,195],
[198,197],
[199,198],
[200,198],
[201,200],
[203,202],
[205,204],
[207,206],
[209,208],
[210,209],
[211,210],
[212,211],
[213,210],
[214,213],
[215,214],
[216,215],
[217,210],
[219,218],
[220,219],
[222,221],
[223,222],
[224,222],
[225,224],
[226,225],
[228,227],
[230,229],
[232,231],
[233,232],
[234,233],
[235,232],
[236,235],
[237,236],
[238,236],
[239,235],
[240,239],
[241,240],
[242,240],
[243,239],
[244,243],
[245,244],
[246,244],
[247,243],
[248,247],
[249,248],
[250,248],
[251,247],
[252,251],
[253,252],
[254,252],
[255,251],
[256,255],
[257,256],
[258,257],
[259,258],
[260,257],
[261,260],
[262,261],
[263,256],
[264,231],
[265,264],
[266,265],
[267,266],
[268,265],
[269,268],
[270,269],
[271,269],
[272,268],
[273,272],
[274,273],
[275,273],
[276,272],
[277,276],
[278,277],
[279,277],
[280,276],
[281,280],
[282,281],
[283,281],
[284,280],
[285,284],
[286,285],
[287,285],
[288,284],
[289,288],
[290,289],
[291,289],
[292,288],
[293,292],
[294,293],
[295,294],
[296,295],
[297,296],
[298,297],
[299,298],
[300,299],
[301,300],
[302,301],
[303,302],
[304,303],
[305,304],
[306,305],
[307,306],
[308,307],
[309,307],
[310,309],
[311,310],
[312,311],
[313,310],
[314,313],
[315,314],
[316,314],
[317,313],
[318,317],
[319,318],
[320,318],
[321,317],
[322,321],
[323,322],
[324,321],
[325,324],
[326,325],
[327,324],
[328,327],
[329,328],
[330,328],
[331,327],
[332,331],
[333,332],
[334,332],
[335,331],
[336,335],
[337,336],
[338,335],
[339,338],
[340,339],
[341,340],
[342,341],
[343,340],
[344,343],
[345,344],
[346,344],
[347,343],
[348,347],
[349,348],
[350,348],
[351,347],
[352,351],
[353,352],
[354,352],
[355,351],
[356,355],
[357,356],
[358,356],
[359,355],
[360,359],
[361,360],
[362,359],
[363,362],
[364,363],
[365,362],
[366,365],
[367,366],
[368,366],
[369,365],
[370,369],
[371,370],
[372,370],
[373,369],
[374,373],
[375,374],
[376,373],
[377,376],
[378,377],
[379,376],
[380,379],
[381,380],
[382,379],
[383,382],
[384,383],
[385,384],
[386,385],
[387,385],
[388,387],
[389,388],
[390,389],
[391,388],
[392,391],
[393,305],
[394,393],
[395,393],
[396,304],
[397,396],
[398,303],
[399,398],
[400,302],
[401,400],
[402,400],
[403,301],
[404,403],
[405,403],
[406,300],
[407,406],
[408,406],
[409,299],
[410,409],
[411,298],
[412,297],
[413,412],
[414,412],
[415,296],
[416,415],
[417,415],
[418,295],
[419,418],
[420,418],
[421,294],
[422,421],
[424,423],
[425,424],
[426,424],
[427,426],
[429,428],
[430,429],
[431,429],
[432,431],
[434,433],
[436,435],
[438,437],
[440,439],
[441,440],
[442,441],
[443,442],
[444,441],
[445,444],
[446,445],
[447,446],
[448,441],
[450,449],
[451,450],
[453,452],
[454,453],
[455,453],
[456,455],
[457,456],
[459,458],
[461,460],
[463,462],
[464,463],
[465,464],
[466,463],
[467,466],
[468,467],
[469,467],
[470,466],
[471,470],
[472,471],
[473,471],
[474,470],
[475,474],
[476,475],
[477,475],
[478,474],
[479,478],
[480,479],
[481,479],
[482,478],
[483,482],
[484,483],
[485,483],
[486,482],
[487,486],
[488,487],
[489,488],
[490,489],
[491,488],
[492,491],
[493,492],
[494,487],
[495,462],
[496,495],
[497,496],
[498,497],
[499,496],
[500,499],
[501,500],
[502,500],
[503,499],
[504,503],
[505,504],
[506,504],
[507,503],
[508,507],
[509,508],
[510,508],
[511,507],
[512,511],
[513,512],
[514,512],
[515,511],
[516,515],
[517,516],
[518,516],
[519,515],
[520,519],
[521,520],
[522,520],
[523,519],
[524,523],
[525,524],
[526,525],
[527,526],
[528,527],
[529,528],
[530,529],
[531,530],
[532,531],
[533,532],
[534,533],
[535,534],
[536,535],
[537,536],
[538,537],
[539,538],
[540,538],
[541,540],
[542,541],
[543,542],
[544,541],
[545,544],
[546,545],
[547,545],
[548,544],
[549,548],
[550,549],
[551,549],
[552,548],
[553,552],
[554,553],
[555,552],
[556,555],
[557,556],
[558,555],
[559,558],
[560,559],
[561,559],
[562,558],
[563,562],
[564,563],
[565,563],
[566,562],
[567,566],
[568,567],
[569,566],
[570,569],
[571,570],
[572,571],
[573,572],
[574,571],
[575,574],
[576,575],
[577,575],
[578,574],
[579,578],
[580,579],
[581,579],
[582,578],
[583,582],
[584,583],
[585,583],
[586,582],
[587,586],
[588,587],
[589,587],
[590,586],
[591,590],
[592,591],
[593,590],
[594,593],
[595,594],
[596,593],
[597,596],
[598,597],
[599,597],
[600,596],
[601,600],
[602,601],
[603,601],
[604,600],
[605,604],
[606,605],
[607,604],
[608,607],
[609,608],
[610,607],
[611,610],
[612,611],
[613,610],
[614,613],
[615,614],
[616,615],
[617,616],
[618,616],
[619,618],
[620,619],
[621,620],
[622,619],
[623,622],
[624,536],
[625,624],
[626,624],
[627,535],
[628,627],
[629,534],
[630,629],
[631,533],
[632,631],
[633,631],
[634,532],
[635,634],
[636,634],
[637,531],
[638,637],
[639,637],
[640,530],
[641,640],
[642,529],
[643,528],
[644,643],
[645,643],
[646,527],
[647,646],
[648,646],
[649,526],
[650,649],
[651,649],
[652,525],
[653,652],
[655,654],
[656,655],
[657,655],
[658,657],
[660,659],
[661,660],
[662,660],
[663,662],
[665,664],
[667,666],
[669,668],
[671,670],
[672,671],
[673,672],
[674,673],
[675,672],
[676,675],
[677,676],
[678,677],
[679,672],
[681,680],
[682,681],
[684,683],
[685,684],
[686,684],
[687,686],
[688,687],
[690,689],
[692,691],
[1,0],
[2,1],
[3,2],
[4,1],
[5,4],
[6,5],
[7,5],
[8,4],
[9,8],
[10,9],
[11,9],
[12,8],
[13,12],
[14,13],
[15,13],
[16,12],
[17,16],
[18,17],
[19,17],
[20,16],
[21,20],
[22,21],
[23,21],
[24,20],
[25,24],
[26,25],
[27,26],
[28,27],
[29,26],
[30,29],
[31,30],
[32,25],
[33,0],
[34,33],
[35,34],
[36,35],
[37,34],
[38,37],
[39,38],
[40,38],
[41,37],
[42,41],
[43,42],
[44,42],
[45,41],
[46,45],
[47,46],
[48,46],
[49,45],
[50,49],
[51,50],
[52,50],
[53,49],
[54,53],
[55,54],
[56,54],
[57,53],
[58,57],
[59,58],
[60,58],
[61,57],
[62,61],
[63,62],
[64,63],
[65,64],
[66,65],
[67,66],
[68,67],
[69,68],
[70,69],
[71,70],
[72,71],
[73,72],
[74,73],
[75,74],
[76,75],
[77,76],
[78,76],
[79,78],
[80,79],
[81,80],
[82,79],
[83,82],
[84,83],
[85,83],
[86,82],
[87,86],
[88,87],
[89,87],
[90,86],
[91,90],
[92,91],
[93,90],
[94,93],
[95,94],
[96,93],
[97,96],
[98,97],
[99,97],
[100,96],
[101,100],
[102,101],
[103,101],
[104,100],
[105,104],
[106,105],
[107,104],
[108,107],
[109,108],
[110,109],
[111,110],
[112,109],
[113,112],
[114,113],
[115,113],
[116,112],
[117,116],
[118,117],
[119,117],
[120,116],
[121,120],
[122,121],
[123,121],
[124,120],
[125,124],
[126,125],
[127,125],
[128,124],
[129,128],
[130,129],
[131,128],
[132,131],
[133,132],
[134,131],
[135,134],
[136,135],
[137,135],
[138,134],
[139,138],
[140,139],
[141,139],
[142,138],
[143,142],
[144,143],
[145,142],
[146,145],
[147,146],
[148,145],
[149,148],
[150,149],
[151,148],
[152,151],
[153,152],
[154,153],
[155,154],
[156,154],
[157,156],
[158,157],
[159,158],
[160,157],
[161,160],
[162,74],
[163,162],
[164,162],
[165,73],
[166,165],
[167,72],
[168,167],
[169,71],
[170,169],
[171,169],
[172,70],
[173,172],
[174,172],
[175,69],
[176,175],
[177,175],
[178,68],
[179,178],
[180,67],
[181,66],
[182,181],
[183,181],
[184,65],
[185,184],
[186,184],
[187,64],
[188,187],
[189,187],
[190,63],
[191,190],
[193,192],
[194,193],
[195,193],
[196,195],
[198,197],
[199,198],
[200,198],
[201,200],
[203,202],
[205,204],
[207,206],
[209,208],
[210,209],
[211,210],
[212,211],
[213,210],
[214,213],
[215,214],
[216,215],
[217,210],
[219,218],
[220,219],
[222,221],
[223,222],
[224,222],
[225,224],
[226,225],
[228,227],
[230,229],
[232,231],
[233,232],
[234,233],
[235,232],
[236,235],
[237,236],
[238,236],
[239,235],
[240,239],
[241,240],
[242,240],
[243,239],
[244,243],
[245,244],
[246,244],
[247,243],
[248,247],
[249,248],
[250,248],
[251,247],
[252,251],
[253,252],
[254,252],
[255,251],
[256,255],
[257,256],
[258,257],
[259,258],
[260,257],
[261,260],
[262,261],
[263,256],
[264,231],
[265,264],
[266,265],
[267,266],
[268,265],
[269,268],
[270,269],
[271,269],
[272,268],
[273,272],
[274,273],
[275,273],
[276,272],
[277,276],
[278,277],
[279,277],
[280,276],
[281,280],
[282,281],
[283,281],
[284,280],
[285,284],
[286,285],
[287,285],
[288,284],
[289,288],
[290,289],
[291,289],
[292,288],
[293,292],
[294,293],
[295,294],
[296,295],
[297,296],
[298,297],
[299,298],
[300,299],
[301,300],
[302,301],
[303,302],
[304,303],
[305,304],
[306,305],
[307,306],
[308,307],
[309,307],
[310,309],
[311,310],
[312,311],
[313,310],
[314,313],
[315,314],
[316,314],
[317,313],
[318,317],
[319,318],
[320,318],
[321,317],
[322,321],
[323,322],
[324,321],
[325,324],
[326,325],
[327,324],
[328,327],
[329,328],
[330,328],
[331,327],
[332,331],
[333,332],
[334,332],
[335,331],
[336,335],
[337,336],
[338,335],
[339,338],
[340,339],
[341,340],
[342,341],
[343,340],
[344,343],
[345,344],
[346,344],
[347,343],
[348,347],
[349,348],
[350,348],
[351,347],
[352,351],
[353,352],
[354,352],
[355,351],
[356,355],
[357,356],
[358,356],
[359,355],
[360,359],
[361,360],
[362,359],
[363,362],
[364,363],
[365,362],
[366,365],
[367,366],
[368,366],
[369,365],
[370,369],
[371,370],
[372,370],
[373,369],
[374,373],
[375,374],
[376,373],
[377,376],
[378,377],
[379,376],
[380,379],
[381,380],
[382,379],
[383,382],
[384,383],
[385,384],
[386,385],
[387,385],
[388,387],
[389,388],
[390,389],
[391,388],
[392,391],
[393,305],
[394,393],
[395,393],
[396,304],
[397,396],
[398,303],
[399,398],
[400,302],
[401,400],
[402,400],
[403,301],
[404,403],
[405,403],
[406,300],
[407,406],
[408,406],
[409,299],
[410,409],
[411,298],
[412,297],
[413,412],
[414,412],
[415,296],
[416,415],
[417,415],
[418,295],
[419,418],
[420,418],
[421,294],
[422,421],
[424,423],
[425,424],
[426,424],
[427,426],
[429,428],
[430,429],
[431,429],
[432,431],
[434,433],
[436,435],
[438,437],
[440,439],
[441,440],
[442,441],
[443,442],
[444,441],
[445,444],
[446,445],
[447,446],
[448,441],
[450,449],
[451,450],
[453,452],
[454,453],
[455,453],
[456,455],
[457,456],
[459,458],
[461,460],
[463,462],
[464,463],
[465,464],
[466,463],
[467,466],
[468,467],
[469,467],
[470,466],
[471,470],
[472,471],
[473,471],
[474,470],
[475,474],
[476,475],
[477,475],
[478,474],
[479,478],
[480,479],
[481,479],
[482,478],
[483,482],
[484,483],
[485,483],
[486,482],
[487,486],
[488,487],
[489,488],
[490,489],
[491,488],
[492,491],
[493,492],
[494,487],
[495,462],
[496,495],
[497,496],
[498,497],
[499,496],
[500,499],
[501,500],
[502,500],
[503,499],
[504,503],
[505,504],
[506,504],
[507,503],
[508,507],
[509,508],
[510,508],
[511,507],
[512,511],
[513,512],
[514,512],
[515,511],
[516,515],
[517,516],
[518,516],
[519,515],
[520,519],
[521,520],
[522,520],
[523,519],
[524,523],
[525,524],
[526,525],
[527,526],
[528,527],
[529,528],
[530,529],
[531,530],
[532,531],
[533,532],
[534,533],
[535,534],
[536,535],
[537,536],
[538,537],
[539,538],
[540,538],
[541,540],
[542,541],
[543,542],
[544,541],
[545,544],
[546,545],
[547,545],
[548,544],
[549,548],
[550,549],
[551,549],
[552,548],
[553,552],
[554,553],
[555,552],
[556,555],
[557,556],
[558,555],
[559,558],
[560,559],
[561,559],
[562,558],
[563,562],
[564,563],
[565,563],
[566,562],
[567,566],
[568,567],
[569,566],
[570,569],
[571,570],
[572,571],
[573,572],
[574,571],
[575,574],
[576,575],
[577,575],
[578,574],
[579,578],
[580,579],
[581,579],
[582,578],
[583,582],
[584,583],
[585,583],
[586,582],
[587,586],
[588,587],
[589,587],
[590,586],
[591,590],
[592,591],
[593,590],
[594,593],
[595,594],
[596,593],
[597,596],
[598,597],
[599,597],
[600,596],
[601,600],
[602,601],
[603,601],
[604,600],
[605,604],
[606,605],
[607,604],
[608,607],
[609,608],
[610,607],
[611,610],
[612,611],
[613,610],
[614,613],
[615,614],
[616,615],
[617,616],
[618,616],
[619,618],
[620,619],
[621,620],
[622,619],
[623,622],
[624,536],
[625,624],
[626,624],
[627,535],
[628,627],
[629,534],
[630,629],
[631,533],
[632,631],
[633,631],
[634,532],
[635,634],
[636,634],
[637,531],
[638,637],
[639,637],
[640,530],
[641,640],
[642,529],
[643,528],
[644,643],
[645,643],
[646,527],
[647,646],
[648,646],
[649,526],
[650,649],
[651,649],
[652,525],
[653,652],
[655,654],
[656,655],
[657,655],
[658,657],
[660,659],
[661,660],
[662,660],
[663,662],
[665,664],
[667,666],
[669,668],
[671,670],
[672,671],
[673,672],
[674,673],
[675,672],
[676,675],
[677,676],
[678,677],
[679,672],
[681,680],
[682,681],
[684,683],
[685,684],
[686,684],
[687,686],
[688,687],
[690,689],
[692,691],
[694,693],
[695,694],
[696,695],
[697,694],
[698,697],
[699,698],
[700,698],
[701,697],
[702,701],
[703,702],
[704,702],
[705,701],
[706,705],
[707,706],
[708,706],
[709,705],
[710,709],
[711,710],
[712,710],
[713,709],
[714,713],
[715,714],
[716,714],
[717,713],
[718,717],
[719,718],
[720,719],
[721,720],
[722,719],
[723,722],
[724,723],
[725,718],
[726,693],
[727,726],
[728,727],
[729,728],
[730,727],
[731,730],
[732,731],
[733,731],
[734,730],
[735,734],
[736,735],
[737,735],
[738,734],
[739,738],
[740,739],
[741,739],
[742,738],
[743,742],
[744,743],
[745,743],
[746,742],
[747,746],
[748,747],
[749,747],
[750,746],
[751,750],
[752,751],
[753,751],
[754,750],
[755,754],
[756,755],
[757,756],
[758,757],
[759,758],
[760,759],
[761,760],
[762,761],
[763,762],
[764,763],
[765,764],
[766,765],
[767,766],
[768,767],
[769,768],
[770,769],
[771,769],
[772,771],
[773,772],
[774,773],
[775,772],
[776,775],
[777,776],
[778,776],
[779,775],
[780,779],
[781,780],
[782,780],
[783,779],
[784,783],
[785,784],
[786,783],
[787,786],
[788,787],
[789,786],
[790,789],
[791,790],
[792,790],
[793,789],
[794,793],
[795,794],
[796,794],
[797,793],
[798,797],
[799,798],
[800,797],
[801,800],
[802,801],
[803,802],
[804,803],
[805,802],
[806,805],
[807,806],
[808,806],
[809,805],
[810,809],
[811,810],
[812,810],
[813,809],
[814,813],
[815,814],
[816,814],
[817,813],
[818,817],
[819,818],
[820,818],
[821,817],
[822,821],
[823,822],
[824,821],
[825,824],
[826,825],
[827,824],
[828,827],
[829,828],
[830,828],
[831,827],
[832,831],
[833,832],
[834,832],
[835,831],
[836,835],
[837,836],
[838,835],
[839,838],
[840,839],
[841,838],
[842,841],
[843,842],
[844,841],
[845,844],
[846,845],
[847,846],
[848,847],
[849,847],
[850,849],
[851,850],
[852,851],
[853,850],
[854,853],
[855,767],
[856,855],
[857,855],
[858,766],
[859,858],
[860,765],
[861,860],
[862,764],
[863,862],
[864,862],
[865,763],
[866,865],
[867,865],
[868,762],
[869,868],
[870,868],
[871,761],
[872,871],
[873,760],
[874,759],
[875,874],
[876,874],
[877,758],
[878,877],
[879,877],
[880,757],
[881,880],
[882,880],
[883,756],
[884,883],
[886,885],
[887,886],
[888,886],
[889,888],
[891,890],
[892,891],
[893,891],
[894,893],
[896,895],
[898,897],
[900,899],
[902,901],
[903,902],
[904,903],
[905,904],
[906,903],
[907,906],
[908,907],
[909,908],
[910,903],
[912,911],
[913,912],
[915,914],
[916,915],
[917,915],
[918,917],
[919,918],
[921,920],
[923,922],
[1,0],
[2,1],
[3,2],
[4,1],
[5,4],
[6,5],
[7,5],
[8,4],
[9,8],
[10,9],
[11,9],
[12,8],
[13,12],
[14,13],
[15,13],
[16,12],
[17,16],
[18,17],
[19,17],
[20,16],
[21,20],
[22,21],
[23,21],
[24,20],
[25,24],
[26,25],
[27,26],
[28,27],
[29,26],
[30,29],
[31,30],
[32,25],
[33,0],
[34,33],
[35,34],
[36,35],
[37,34],
[38,37],
[39,38],
[40,38],
[41,37],
[42,41],
[43,42],
[44,42],
[45,41],
[46,45],
[47,46],
[48,46],
[49,45],
[50,49],
[51,50],
[52,50],
[53,49],
[54,53],
[55,54],
[56,54],
[57,53],
[58,57],
[59,58],
[60,58],
[61,57],
[62,61],
[63,62],
[64,63],
[65,64],
[66,65],
[67,66],
[68,67],
[69,68],
[70,69],
[71,70],
[72,71],
[73,72],
[74,73],
[75,74],
[76,75],
[77,76],
[78,76],
[79,78],
[80,79],
[81,80],
[82,79],
[83,82],
[84,83],
[85,83],
[86,82],
[87,86],
[88,87],
[89,87],
[90,86],
[91,90],
[92,91],
[93,90],
[94,93],
[95,94],
[96,93],
[97,96],
[98,97],
[99,97],
[100,96],
[101,100],
[102,101],
[103,101],
[104,100],
[105,104],
[106,105],
[107,104],
[108,107],
[109,108],
[110,109],
[111,110],
[112,109],
[113,112],
[114,113],
[115,113],
[116,112],
[117,116],
[118,117],
[119,117],
[120,116],
[121,120],
[122,121],
[123,121],
[124,120],
[125,124],
[126,125],
[127,125],
[128,124],
[129,128],
[130,129],
[131,128],
[132,131],
[133,132],
[134,131],
[135,134],
[136,135],
[137,135],
[138,134],
[139,138],
[140,139],
[141,139],
[142,138],
[143,142],
[144,143],
[145,142],
[146,145],
[147,146],
[148,145],
[149,148],
[150,149],
[151,148],
[152,151],
[153,152],
[154,153],
[155,154],
[156,154],
[157,156],
[158,157],
[159,158],
[160,157],
[161,160],
[162,74],
[163,162],
[164,162],
[165,73],
[166,165],
[167,72],
[168,167],
[169,71],
[170,169],
[171,169],
[172,70],
[173,172],
[174,172],
[175,69],
[176,175],
[177,175],
[178,68],
[179,178],
[180,67],
[181,66],
[182,181],
[183,181],
[184,65],
[185,184],
[186,184],
[187,64],
[188,187],
[189,187],
[190,63],
[191,190],
[193,192],
[194,193],
[195,193],
[196,195],
[198,197],
[199,198],
[200,198],
[201,200],
[203,202],
[205,204],
[207,206],
[209,208],
[210,209],
[211,210],
[212,211],
[213,210],
[214,213],
[215,214],
[216,215],
[217,210],
[219,218],
[220,219],
[222,221],
[223,222],
[224,222],
[225,224],
[226,225],
[228,227],
[230,229],
[232,231],
[233,232],
[234,233],
[235,232],
[236,235],
[237,236],
[238,236],
[239,235],
[240,239],
[241,240],
[242,240],
[243,239],
[244,243],
[245,244],
[246,244],
[247,243],
[248,247],
[249,248],
[250,248],
[251,247],
[252,251],
[253,252],
[254,252],
[255,251],
[256,255],
[257,256],
[258,257],
[259,258],
[260,257],
[261,260],
[262,261],
[263,256],
[264,231],
[265,264],
[266,265],
[267,266],
[268,265],
[269,268],
[270,269],
[271,269],
[272,268],
[273,272],
[274,273],
[275,273],
[276,272],
[277,276],
[278,277],
[279,277],
[280,276],
[281,280],
[282,281],
[283,281],
[284,280],
[285,284],
[286,285],
[287,285],
[288,284],
[289,288],
[290,289],
[291,289],
[292,288],
[293,292],
[294,293],
[295,294],
[296,295],
[297,296],
[298,297],
[299,298],
[300,299],
[301,300],
[302,301],
[303,302],
[304,303],
[305,304],
[306,305],
[307,306],
[308,307],
[309,307],
[310,309],
[311,310],
[312,311],
[313,310],
[314,313],
[315,314],
[316,314],
[317,313],
[318,317],
[319,318],
[320,318],
[321,317],
[322,321],
[323,322],
[324,321],
[325,324],
[326,325],
[327,324],
[328,327],
[329,328],
[330,328],
[331,327],
[332,331],
[333,332],
[334,332],
[335,331],
[336,335],
[337,336],
[338,335],
[339,338],
[340,339],
[341,340],
[342,341],
[343,340],
[344,343],
[345,344],
[346,344],
[347,343],
[348,347],
[349,348],
[350,348],
[351,347],
[352,351],
[353,352],
[354,352],
[355,351],
[356,355],
[357,356],
[358,356],
[359,355],
[360,359],
[361,360],
[362,359],
[363,362],
[364,363],
[365,362],
[366,365],
[367,366],
[368,366],
[369,365],
[370,369],
[371,370],
[372,370],
[373,369],
[374,373],
[375,374],
[376,373],
[377,376],
[378,377],
[379,376],
[380,379],
[381,380],
[382,379],
[383,382],
[384,383],
[385,384],
[386,385],
[387,385],
[388,387],
[389,388],
[390,389],
[391,388],
[392,391],
[393,305],
[394,393],
[395,393],
[396,304],
[397,396],
[398,303],
[399,398],
[400,302],
[401,400],
[402,400],
[403,301],
[404,403],
[405,403],
[406,300],
[407,406],
[408,406],
[409,299],
[410,409],
[411,298],
[412,297],
[413,412],
[414,412],
[415,296],
[416,415],
[417,415],
[418,295],
[419,418],
[420,418],
[421,294],
[422,421],
[424,423],
[425,424],
[426,424],
[427,426],
[429,428],
[430,429],
[431,429],
[432,431],
[434,433],
[436,435],
[438,437],
[440,439],
[441,440],
[442,441],
[443,442],
[444,441],
[445,444],
[446,445],
[447,446],
[448,441],
[450,449],
[451,450],
[453,452],
[454,453],
[455,453],
[456,455],
[457,456],
[459,458],
[461,460],
[463,462],
[464,463],
[465,464],
[466,463],
[467,466],
[468,467],
[469,467],
[470,466],
[471,470],
[472,471],
[473,471],
[474,470],
[475,474],
[476,475],
[477,475],
[478,474],
[479,478],
[480,479],
[481,479],
[482,478],
[483,482],
[484,483],
[485,483],
[486,482],
[487,486],
[488,487],
[489,488],
[490,489],
[491,488],
[492,491],
[493,492],
[494,487],
[495,462],
[496,495],
[497,496],
[498,497],
[499,496],
[500,499],
[501,500],
[502,500],
[503,499],
[504,503],
[505,504],
[506,504],
[507,503],
[508,507],
[509,508],
[510,508],
[511,507],
[512,511],
[513,512],
[514,512],
[515,511],
[516,515],
[517,516],
[518,516],
[519,515],
[520,519],
[521,520],
[522,520],
[523,519],
[524,523],
[525,524],
[526,525],
[527,526],
[528,527],
[529,528],
[530,529],
[531,530],
[532,531],
[533,532],
[534,533],
[535,534],
[536,535],
[537,536],
[538,537],
[539,538],
[540,538],
[541,540],
[542,541],
[543,542],
[544,541],
[545,544],
[546,545],
[547,545],
[548,544],
[549,548],
[550,549],
[551,549],
[552,548],
[553,552],
[554,553],
[555,552],
[556,555],
[557,556],
[558,555],
[559,558],
[560,559],
[561,559],
[562,558],
[563,562],
[564,563],
[565,563],
[566,562],
[567,566],
[568,567],
[569,566],
[570,569],
[571,570],
[572,571],
[573,572],
[574,571],
[575,574],
[576,575],
[577,575],
[578,574],
[579,578],
[580,579],
[581,579],
[582,578],
[583,582],
[584,583],
[585,583],
[586,582],
[587,586],
[588,587],
[589,587],
[590,586],
[591,590],
[592,591],
[593,590],
[594,593],
[595,594],
[596,593],
[597,596],
[598,597],
[599,597],
[600,596],
[601,600],
[602,601],
[603,601],
[604,600],
[605,604],
[606,605],
[607,604],
[608,607],
[609,608],
[610,607],
[611,610],
[612,611],
[613,610],
[614,613],
[615,614],
[616,615],
[617,616],
[618,616],
[619,618],
[620,619],
[621,620],
[622,619],
[623,622],
[624,536],
[625,624],
[626,624],
[627,535],
[628,627],
[629,534],
[630,629],
[631,533],
[632,631],
[633,631],
[634,532],
[635,634],
[636,634],
[637,531],
[638,637],
[639,637],
[640,530],
[641,640],
[642,529],
[643,528],
[644,643],
[645,643],
[646,527],
[647,646],
[648,646],
[649,526],
[650,649],
[651,649],
[652,525],
[653,652],
[655,654],
[656,655],
[657,655],
[658,657],
[660,659],
[661,660],
[662,660],
[663,662],
[665,664],
[667,666],
[669,668],
[671,670],
[672,671],
[673,672],
[674,673],
[675,672],
[676,675],
[677,676],
[678,677],
[679,672],
[681,680],
[682,681],
[684,683],
[685,684],
[686,684],
[687,686],
[688,687],
[690,689],
[692,691],
[694,693],
[695,694],
[696,695],
[697,694],
[698,697],
[699,698],
[700,698],
[701,697],
[702,701],
[703,702],
[704,702],
[705,701],
[706,705],
[707,706],
[708,706],
[709,705],
[710,709],
[711,710],
[712,710],
[713,709],
[714,713],
[715,714],
[716,714],
[717,713],
[718,717],
[719,718],
[720,719],
[721,720],
[722,719],
[723,722],
[724,723],
[725,718],
[726,693],
[727,726],
[728,727],
[729,728],
[730,727],
[731,730],
[732,731],
[733,731],
[734,730],
[735,734],
[736,735],
[737,735],
[738,734],
[739,738],
[740,739],
[741,739],
[742,738],
[743,742],
[744,743],
[745,743],
[746,742],
[747,746],
[748,747],
[749,747],
[750,746],
[751,750],
[752,751],
[753,751],
[754,750],
[755,754],
[756,755],
[757,756],
[758,757],
[759,758],
[760,759],
[761,760],
[762,761],
[763,762],
[764,763],
[765,764],
[766,765],
[767,766],
[768,767],
[769,768],
[770,769],
[771,769],
[772,771],
[773,772],
[774,773],
[775,772],
[776,775],
[777,776],
[778,776],
[779,775],
[780,779],
[781,780],
[782,780],
[783,779],
[784,783],
[785,784],
[786,783],
[787,786],
[788,787],
[789,786],
[790,789],
[791,790],
[792,790],
[793,789],
[794,793],
[795,794],
[796,794],
[797,793],
[798,797],
[799,798],
[800,797],
[801,800],
[802,801],
[803,802],
[804,803],
[805,802],
[806,805],
[807,806],
[808,806],
[809,805],
[810,809],
[811,810],
[812,810],
[813,809],
[814,813],
[815,814],
[816,814],
[817,813],
[818,817],
[819,818],
[820,818],
[821,817],
[822,821],
[823,822],
[824,821],
[825,824],
[826,825],
[827,824],
[828,827],
[829,828],
[830,828],
[831,827],
[832,831],
[833,832],
[834,832],
[835,831],
[836,835],
[837,836],
[838,835],
[839,838],
[840,839],
[841,838],
[842,841],
[843,842],
[844,841],
[845,844],
[846,845],
[847,846],
[848,847],
[849,847],
[850,849],
[851,850],
[852,851],
[853,850],
[854,853],
[855,767],
[856,855],
[857,855],
[858,766],
[859,858],
[860,765],
[861,860],
[862,764],
[863,862],
[864,862],
[865,763],
[866,865],
[867,865],
[868,762],
[869,868],
[870,868],
[871,761],
[872,871],
[873,760],
[874,759],
[875,874],
[876,874],
[877,758],
[878,877],
[879,877],
[880,757],
[881,880],
[882,880],
[883,756],
[884,883],
[886,885],
[887,886],
[888,886],
[889,888],
[891,890],
[892,891],
[893,891],
[894,893],
[896,895],
[898,897],
[900,899],
[902,901],
[903,902],
[904,903],
[905,904],
[906,903],
[907,906],
[908,907],
[909,908],
[910,903],
[912,911],
[913,912],
[915,914],
[916,915],
[917,915],
[918,917],
[919,918],
[921,920],
[923,922],
[925,924],
[926,925],
[927,926],
[928,925],
[929,928],
[930,929],
[931,929],
[932,928],
[933,932],
[934,933],
[935,933],
[936,932],
[937,936],
[938,937],
[939,937],
[940,936],
[941,940],
[942,941],
[943,941],
[944,940],
[945,944],
[946,945],
[947,945],
[948,944],
[949,948],
[950,949],
[951,950],
[952,951],
[953,950],
[954,953],
[955,954],
[956,949],
[957,924],
[958,957],
[959,958],
[960,959],
[961,958],
[962,961],
[963,962],
[964,962],
[965,961],
[966,965],
[967,966],
[968,966],
[969,965],
[970,969],
[971,970],
[972,970],
[973,969],
[974,973],
[975,974],
[976,974],
[977,973],
[978,977],
[979,978],
[980,978],
[981,977],
[982,981],
[983,982],
[984,982],
[985,981],
[986,985],
[987,986],
[988,987],
[989,988],
[990,989],
[991,990],
[992,991],
[993,992],
[994,993],
[995,994],
[996,995],
[997,996],
[998,997],
[999,998],
[1000,999],
[1001,1000],
[1002,1000],
[1003,1002],
[1004,1003],
[1005,1004],
[1006,1003],
[1007,1006],
[1008,1007],
[1009,1007],
[1010,1006],
[1011,1010],
[1012,1011],
[1013,1011],
[1014,1010],
[1015,1014],
[1016,1015],
[1017,1014],
[1018,1017],
[1019,1018],
[1020,1017],
[1021,1020],
[1022,1021],
[1023,1021],
[1024,1020],
[1025,1024],
[1026,1025],
[1027,1025],
[1028,1024],
[1029,1028],
[1030,1029],
[1031,1028],
[1032,1031],
[1033,1032],
[1034,1033],
[1035,1034],
[1036,1033],
[1037,1036],
[1038,1037],
[1039,1037],
[1040,1036],
[1041,1040],
[1042,1041],
[1043,1041],
[1044,1040],
[1045,1044],
[1046,1045],
[1047,1045],
[1048,1044],
[1049,1048],
[1050,1049],
[1051,1049],
[1052,1048],
[1053,1052],
[1054,1053],
[1055,1052],
[1056,1055],
[1057,1056],
[1058,1055],
[1059,1058],
[1060,1059],
[1061,1059],
[1062,1058],
[1063,1062],
[1064,1063],
[1065,1063],
[1066,1062],
[1067,1066],
[1068,1067],
[1069,1066],
[1070,1069],
[1071,1070],
[1072,1069],
[1073,1072],
[1074,1073],
[1075,1072],
[1076,1075],
[1077,1076],
[1078,1077],
[1079,1078],
[1080,1078],
[1081,1080],
[1082,1081],
[1083,1082],
[1084,1081],
[1085,1084],
[1086,998],
[1087,1086],
[1088,1086],
[1089,997],
[1090,1089],
[1091,996],
[1092,1091],
[1093,995],
[1094,1093],
[1095,1093],
[1096,994],
[1097,1096],
[1098,1096],
[1099,993],
[1100,1099],
[1101,1099],
[1102,992],
[1103,1102],
[1104,991],
[1105,990],
[1106,1105],
[1107,1105],
[1108,989],
[1109,1108],
[1110,1108],
[1111,988],
[1112,1111],
[1113,1111],
[1114,987],
[1115,1114],
[1117,1116],
[1118,1117],
[1119,1117],
[1120,1119],
[1122,1121],
[1123,1122],
[1124,1122],
[1125,1124],
[1127,1126],
[1129,1128],
[1131,1130],
[1133,1132],
[1134,1133],
[1135,1134],
[1136,1135],
[1137,1134],
[1138,1137],
[1139,1138],
[1140,1139],
[1141,1134],
[1143,1142],
[1144,1143],
[1146,1145],
[1147,1146],
[1148,1146],
[1149,1148],
[1150,1149],
[1152,1151],
[1154,1153],
[1,0],
[2,1],
[3,2],
[4,1],
[5,4],
[6,5],
[7,5],
[8,4],
[9,8],
[10,9],
[11,9],
[12,8],
[13,12],
[14,13],
[15,13],
[16,12],
[17,16],
[18,17],
[19,17],
[20,16],
[21,20],
[22,21],
[23,21],
[24,20],
[25,24],
[26,25],
[27,26],
[28,27],
[29,26],
[30,29],
[31,30],
[32,25],
[33,0],
[34,33],
[35,34],
[36,35],
[37,34],
[38,37],
[39,38],
[40,38],
[41,37],
[42,41],
[43,42],
[44,42],
[45,41],
[46,45],
[47,46],
[48,46],
[49,45],
[50,49],
[51,50],
[52,50],
[53,49],
[54,53],
[55,54],
[56,54],
[57,53],
[58,57],
[59,58],
[60,58],
[61,57],
[62,61],
[63,62],
[64,63],
[65,64],
[66,65],
[67,66],
[68,67],
[69,68],
[70,69],
[71,70],
[72,71],
[73,72],
[74,73],
[75,74],
[76,75],
[77,76],
[78,76],
[79,78],
[80,79],
[81,80],
[82,79],
[83,82],
[84,83],
[85,83],
[86,82],
[87,86],
[88,87],
[89,87],
[90,86],
[91,90],
[92,91],
[93,90],
[94,93],
[95,94],
[96,93],
[97,96],
[98,97],
[99,97],
[100,96],
[101,100],
[102,101],
[103,101],
[104,100],
[105,104],
[106,105],
[107,104],
[108,107],
[109,108],
[110,109],
[111,110],
[112,109],
[113,112],
[114,113],
[115,113],
[116,112],
[117,116],
[118,117],
[119,117],
[120,116],
[121,120],
[122,121],
[123,121],
[124,120],
[125,124],
[126,125],
[127,125],
[128,124],
[129,128],
[130,129],
[131,128],
[132,131],
[133,132],
[134,131],
[135,134],
[136,135],
[137,135],
[138,134],
[139,138],
[140,139],
[141,139],
[142,138],
[143,142],
[144,143],
[145,142],
[146,145],
[147,146],
[148,145],
[149,148],
[150,149],
[151,148],
[152,151],
[153,152],
[154,153],
[155,154],
[156,154],
[157,156],
[158,157],
[159,158],
[160,157],
[161,160],
[162,74],
[163,162],
[164,162],
[165,73],
[166,165],
[167,72],
[168,167],
[169,71],
[170,169],
[171,169],
[172,70],
[173,172],
[174,172],
[175,69],
[176,175],
[177,175],
[178,68],
[179,178],
[180,67],
[181,66],
[182,181],
[183,181],
[184,65],
[185,184],
[186,184],
[187,64],
[188,187],
[189,187],
[190,63],
[191,190],
[193,192],
[194,193],
[195,193],
[196,195],
[198,197],
[199,198],
[200,198],
[201,200],
[203,202],
[205,204],
[207,206],
[209,208],
[210,209],
[211,210],
[212,211],
[213,210],
[214,213],
[215,214],
[216,215],
[217,210],
[219,218],
[220,219],
[222,221],
[223,222],
[224,222],
[225,224],
[226,225],
[228,227],
[230,229],
[232,231],
[233,232],
[234,233],
[235,232],
[236,235],
[237,236],
[238,236],
[239,235],
[240,239],
[241,240],
[242,240],
[243,239],
[244,243],
[245,244],
[246,244],
[247,243],
[248,247],
[249,248],
[250,248],
[251,247],
[252,251],
[253,252],
[254,252],
[255,251],
[256,255],
[257,256],
[258,257],
[259,258],
[260,257],
[261,260],
[262,261],
[263,256],
[264,231],
[265,264],
[266,265],
[267,266],
[268,265],
[269,268],
[270,269],
[271,269],
[272,268],
[273,272],
[274,273],
[275,273],
[276,272],
[277,276],
[278,277],
[279,277],
[280,276],
[281,280],
[282,281],
[283,281],
[284,280],
[285,284],
[286,285],
[287,285],
[288,284],
[289,288],
[290,289],
[291,289],
[292,288],
[293,292],
[294,293],
[295,294],
[296,295],
[297,296],
[298,297],
[299,298],
[300,299],
[301,300],
[302,301],
[303,302],
[304,303],
[305,304],
[306,305],
[307,306],
[308,307],
[309,307],
[310,309],
[311,310],
[312,311],
[313,310],
[314,313],
[315,314],
[316,314],
[317,313],
[318,317],
[319,318],
[320,318],
[321,317],
[322,321],
[323,322],
[324,321],
[325,324],
[326,325],
[327,324],
[328,327],
[329,328],
[330,328],
[331,327],
[332,331],
[333,332],
[334,332],
[335,331],
[336,335],
[337,336],
[338,335],
[339,338],
[340,339],
[341,340],
[342,341],
[343,340],
[344,343],
[345,344],
[346,344],
[347,343],
[348,347],
[349,348],
[350,348],
[351,347],
[352,351],
[353,352],
[354,352],
[355,351],
[356,355],
[357,356],
[358,356],
[359,355],
[360,359],
[361,360],
[362,359],
[363,362],
[364,363],
[365,362],
[366,365],
[367,366],
[368,366],
[369,365],
[370,369],
[371,370],
[372,370],
[373,369],
[374,373],
[375,374],
[376,373],
[377,376],
[378,377],
[379,376],
[380,379],
[381,380],
[382,379],
[383,382],
[384,383],
[385,384],
[386,385],
[387,385],
[388,387],
[389,388],
[390,389],
[391,388],
[392,391],
[393,305],
[394,393],
[395,393],
[396,304],
[397,396],
[398,303],
[399,398],
[400,302],
[401,400],
[402,400],
[403,301],
[404,403],
[405,403],
[406,300],
[407,406],
[408,406],
[409,299],
[410,409],
[411,298],
[412,297],
[413,412],
[414,412],
[415,296],
[416,415],
[417,415],
[418,295],
[419,418],
[420,418],
[421,294],
[422,421],
[424,423],
[425,424],
[426,424],
[427,426],
[429,428],
[430,429],
[431,429],
[432,431],
[434,433],
[436,435],
[438,437],
[440,439],
[441,440],
[442,441],
[443,442],
[444,441],
[445,444],
[446,445],
[447,446],
[448,441],
[450,449],
[451,450],
[453,452],
[454,453],
[455,453],
[456,455],
[457,456],
[459,458],
[461,460],
[463,462],
[464,463],
[465,464],
[466,463],
[467,466],
[468,467],
[469,467],
[470,466],
[471,470],
[472,471],
[473,471],
[474,470],
[475,474],
[476,475],
[477,475],
[478,474],
[479,478],
[480,479],
[481,479],
[482,478],
[483,482],
[484,483],
[485,483],
[486,482],
[487,486],
[488,487],
[489,488],
[490,489],
[491,488],
[492,491],
[493,492],
[494,487],
[495,462],
[496,495],
[497,496],
[498,497],
[499,496],
[500,499],
[501,500],
[502,500],
[503,499],
[504,503],
[505,504],
[506,504],
[507,503],
[508,507],
[509,508],
[510,508],
[511,507],
[512,511],
[513,512],
[514,512],
[515,511],
[516,515],
[517,516],
[518,516],
[519,515],
[520,519],
[521,520],
[522,520],
[523,519],
[524,523],
[525,524],
[526,525],
[527,526],
[528,527],
[529,528],
[530,529],
[531,530],
[532,531],
[533,532],
[534,533],
[535,534],
[536,535],
[537,536],
[538,537],
[539,538],
[540,538],
[541,540],
[542,541],
[543,542],
[544,541],
[545,544],
[546,545],
[547,545],
[548,544],
[549,548],
[550,549],
[551,549],
[552,548],
[553,552],
[554,553],
[555,552],
[556,555],
[557,556],
[558,555],
[559,558],
[560,559],
[561,559],
[562,558],
[563,562],
[564,563],
[565,563],
[566,562],
[567,566],
[568,567],
[569,566],
[570,569],
[571,570],
[572,571],
[573,572],
[574,571],
[575,574],
[576,575],
[577,575],
[578,574],
[579,578],
[580,579],
[581,579],
[582,578],
[583,582],
[584,583],
[585,583],
[586,582],
[587,586],
[588,587],
[589,587],
[590,586],
[591,590],
[592,591],
[593,590],
[594,593],
[595,594],
[596,593],
[597,596],
[598,597],
[599,597],
[600,596],
[601,600],
[602,601],
[603,601],
[604,600],
[605,604],
[606,605],
[607,604],
[608,607],
[609,608],
[610,607],
[611,610],
[612,611],
[613,610],
[614,613],
[615,614],
[616,615],
[617,616],
[618,616],
[619,618],
[620,619],
[621,620],
[622,619],
[623,622],
[624,536],
[625,624],
[626,624],
[627,535],
[628,627],
[629,534],
[630,629],
[631,533],
[632,631],
[633,631],
[634,532],
[635,634],
[636,634],
[637,531],
[638,637],
[639,637],
[640,530],
[641,640],
[642,529],
[643,528],
[644,643],
[645,643],
[646,527],
[647,646],
[648,646],
[649,526],
[650,649],
[651,649],
[652,525],
[653,652],
[655,654],
[656,655],
[657,655],
[658,657],
[660,659],
[661,660],
[662,660],
[663,662],
[665,664],
[667,666],
[669,668],
[671,670],
[672,671],
[673,672],
[674,673],
[675,672],
[676,675],
[677,676],
[678,677],
[679,672],
[681,680],
[682,681],
[684,683],
[685,684],
[686,684],
[687,686],
[688,687],
[690,689],
[692,691],
[694,693],
[695,694],
[696,695],
[697,694],
[698,697],
[699,698],
[700,698],
[701,697],
[702,701],
[703,702],
[704,702],
[705,701],
[706,705],
[707,706],
[708,706],
[709,705],
[710,709],
[711,710],
[712,710],
[713,709],
[714,713],
[715,714],
[716,714],
[717,713],
[718,717],
[719,718],
[720,719],
[721,720],
[722,719],
[723,722],
[724,723],
[725,718],
[726,693],
[727,726],
[728,727],
[729,728],
[730,727],
[731,730],
[732,731],
[733,731],
[734,730],
[735,734],
[736,735],
[737,735],
[738,734],
[739,738],
[740,739],
[741,739],
[742,738],
[743,742],
[744,743],
[745,743],
[746,742],
[747,746],
[748,747],
[749,747],
[750,746],
[751,750],
[752,751],
[753,751],
[754,750],
[755,754],
[756,755],
[757,756],
[758,757],
[759,758],
[760,759],
[761,760],
[762,761],
[763,762],
[764,763],
[765,764],
[766,765],
[767,766],
[768,767],
[769,768],
[770,769],
[771,769],
[772,771],
[773,772],
[774,773],
[775,772],
[776,775],
[777,776],
[778,776],
[779,775],
[780,779],
[781,780],
[782,780],
[783,779],
[784,783],
[785,784],
[786,783],
[787,786],
[788,787],
[789,786],
[790,789],
[791,790],
[792,790],
[793,789],
[794,793],
[795,794],
[796,794],
[797,793],
[798,797],
[799,798],
[800,797],
[801,800],
[802,801],
[803,802],
[804,803],
[805,802],
[806,805],
[807,806],
[808,806],
[809,805],
[810,809],
[811,810],
[812,810],
[813,809],
[814,813],
[815,814],
[816,814],
[817,813],
[818,817],
[819,818],
[820,818],
[821,817],
[822,821],
[823,822],
[824,821],
[825,824],
[826,825],
[827,824],
[828,827],
[829,828],
[830,828],
[831,827],
[832,831],
[833,832],
[834,832],
[835,831],
[836,835],
[837,836],
[838,835],
[839,838],
[840,839],
[841,838],
[842,841],
[843,842],
[844,841],
[845,844],
[846,845],
[847,846],
[848,847],
[849,847],
[850,849],
[851,850],
[852,851],
[853,850],
[854,853],
[855,767],
[856,855],
[857,855],
[858,766],
[859,858],
[860,765],
[861,860],
[862,764],
[863,862],
[864,862],
[865,763],
[866,865],
[867,865],
[868,762],
[869,868],
[870,868],
[871,761],
[872,871],
[873,760],
[874,759],
[875,874],
[876,874],
[877,758],
[878,877],
[879,877],
[880,757],
[881,880],
[882,880],
[883,756],
[884,883],
[886,885],
[887,886],
[888,886],
[889,888],
[891,890],
[892,891],
[893,891],
[894,893],
[896,895],
[898,897],
[900,899],
[902,901],
[903,902],
[904,903],
[905,904],
[906,903],
[907,906],
[908,907],
[909,908],
[910,903],
[912,911],
[913,912],
[915,914],
[916,915],
[917,915],
[918,917],
[919,918],
[921,920],
[923,922],
[925,924],
[926,925],
[927,926],
[928,925],
[929,928],
[930,929],
[931,929],
[932,928],
[933,932],
[934,933],
[935,933],
[936,932],
[937,936],
[938,937],
[939,937],
[940,936],
[941,940],
[942,941],
[943,941],
[944,940],
[945,944],
[946,945],
[947,945],
[948,944],
[949,948],
[950,949],
[951,950],
[952,951],
[953,950],
[954,953],
[955,954],
[956,949],
[957,924],
[958,957],
[959,958],
[960,959],
[961,958],
[962,961],
[963,962],
[964,962],
[965,961],
[966,965],
[967,966],
[968,966],
[969,965],
[970,969],
[971,970],
[972,970],
[973,969],
[974,973],
[975,974],
[976,974],
[977,973],
[978,977],
[979,978],
[980,978],
[981,977],
[982,981],
[983,982],
[984,982],
[985,981],
[986,985],
[987,986],
[988,987],
[989,988],
[990,989],
[991,990],
[992,991],
[993,992],
[994,993],
[995,994],
[996,995],
[997,996],
[998,997],
[999,998],
[1000,999],
[1001,1000],
[1002,1000],
[1003,1002],
[1004,1003],
[1005,1004],
[1006,1003],
[1007,1006],
[1008,1007],
[1009,1007],
[1010,1006],
[1011,1010],
[1012,1011],
[1013,1011],
[1014,1010],
[1015,1014],
[1016,1015],
[1017,1014],
[1018,1017],
[1019,1018],
[1020,1017],
[1021,1020],
[1022,1021],
[1023,1021],
[1024,1020],
[1025,1024],
[1026,1025],
[1027,1025],
[1028,1024],
[1029,1028],
[1030,1029],
[1031,1028],
[1032,1031],
[1033,1032],
[1034,1033],
[1035,1034],
[1036,1033],
[1037,1036],
[1038,1037],
[1039,1037],
[1040,1036],
[1041,1040],
[1042,1041],
[1043,1041],
[1044,1040],
[1045,1044],
[1046,1045],
[1047,1045],
[1048,1044],
[1049,1048],
[1050,1049],
[1051,1049],
[1052,1048],
[1053,1052],
[1054,1053],
[1055,1052],
[1056,1055],
[1057,1056],
[1058,1055],
[1059,1058],
[1060,1059],
[1061,1059],
[1062,1058],
[1063,1062],
[1064,1063],
[1065,1063],
[1066,1062],
[1067,1066],
[1068,1067],
[1069,1066],
[1070,1069],
[1071,1070],
[1072,1069],
[1073,1072],
[1074,1073],
[1075,1072],
[1076,1075],
[1077,1076],
[1078,1077],
[1079,1078],
[1080,1078],
[1081,1080],
[1082,1081],
[1083,1082],
[1084,1081],
[1085,1084],
[1086,998],
[1087,1086],
[1088,1086],
[1089,997],
[1090,1089],
[1091,996],
[1092,1091],
[1093,995],
[1094,1093],
[1095,1093],
[1096,994],
[1097,1096],
[1098,1096],
[1099,993],
[1100,1099],
[1101,1099],
[1102,992],
[1103,1102],
[1104,991],
[1105,990],
[1106,1105],
[1107,1105],
[1108,989],
[1109,1108],
[1110,1108],
[1111,988],
[1112,1111],
[1113,1111],
[1114,987],
[1115,1114],
[1117,1116],
[1118,1117],
[1119,1117],
[1120,1119],
[1122,1121],
[1123,1122],
[1124,1122],
[1125,1124],
[1127,1126],
[1129,1128],
[1131,1130],
[1133,1132],
[1134,1133],
[1135,1134],
[1136,1135],
[1137,1134],
[1138,1137],
[1139,1138],
[1140,1139],
[1141,1134],
[1143,1142],
[1144,1143],
[1146,1145],
[1147,1146],
[1148,1146],
[1149,1148],
[1150,1149],
[1152,1151],
[1154,1153],
[1156,1155],
[1157,1156],
[1158,1157],
[1159,1156],
[1160,1159],
[1161,1160],
[1162,1160],
[1163,1159],
[1164,1163],
[1165,1164],
[1166,1164],
[1167,1163],
[1168,1167],
[1169,1168],
[1170,1168],
[1171,1167],
[1172,1171],
[1173,1172],
[1174,1172],
[1175,1171],
[1176,1175],
[1177,1176],
[1178,1176],
[1179,1175],
[1180,1179],
[1181,1180],
[1182,1181],
[1183,1182],
[1184,1181],
[1185,1184],
[1186,1185],
[1187,1180],
[1188,1155],
[1189,1188],
[1190,1189],
[1191,1190],
[1192,1189],
[1193,1192],
[1194,1193],
[1195,1193],
[1196,1192],
[1197,1196],
[1198,1197],
[1199,1197],
[1200,1196],
[1201,1200],
[1202,1201],
[1203,1201],
[1204,1200],
[1205,1204],
[1206,1205],
[1207,1205],
[1208,1204],
[1209,1208],
[1210,1209],
[1211,1209],
[1212,1208],
[1213,1212],
[1214,1213],
[1215,1213],
[1216,1212],
[1217,1216],
[1218,1217],
[1219,1218],
[1220,1219],
[1221,1220],
[1222,1221],
[1223,1222],
[1224,1223],
[1225,1224],
[1226,1225],
[1227,1226],
[1228,1227],
[1229,1228],
[1230,1229],
[1231,1230],
[1232,1231],
[1233,1231],
[1234,1233],
[1235,1234],
[1236,1235],
[1237,1234],
[1238,1237],
[1239,1238],
[1240,1238],
[1241,1237],
[1242,1241],
[1243,1242],
[1244,1242],
[1245,1241],
[1246,1245],
[1247,1246],
[1248,1245],
[1249,1248],
[1250,1249],
[1251,1248],
[1252,1251],
[1253,1252],
[1254,1252],
[1255,1251],
[1256,1255],
[1257,1256],
[1258,1256],
[1259,1255],
[1260,1259],
[1261,1260],
[1262,1259],
[1263,1262],
[1264,1263],
[1265,1264],
[1266,1265],
[1267,1264],
[1268,1267],
[1269,1268],
[1270,1268],
[1271,1267],
[1272,1271],
[1273,1272],
[1274,1272],
[1275,1271],
[1276,1275],
[1277,1276],
[1278,1276],
[1279,1275],
[1280,1279],
[1281,1280],
[1282,1280],
[1283,1279],
[1284,1283],
[1285,1284],
[1286,1283],
[1287,1286],
[1288,1287],
[1289,1286],
[1290,1289],
[1291,1290],
[1292,1290],
[1293,1289],
[1294,1293],
[1295,1294],
[1296,1294],
[1297,1293],
[1298,1297],
[1299,1298],
[1300,1297],
[1301,1300],
[1302,1301],
[1303,1300],
[1304,1303],
[1305,1304],
[1306,1303],
[1307,1306],
[1308,1307],
[1309,1308],
[1310,1309],
[1311,1309],
[1312,1311],
[1313,1312],
[1314,1313],
[1315,1312],
[1316,1315],
[1317,1229],
[1318,1317],
[1319,1317],
[1320,1228],
[1321,1320],
[1322,1227],
[1323,1322],
[1324,1226],
[1325,1324],
[1326,1324],
[1327,1225],
[1328,1327],
[1329,1327],
[1330,1224],
[1331,1330],
[1332,1330],
[1333,1223],
[1334,1333],
[1335,1222],
[1336,1221],
[1337,1336],
[1338,1336],
[1339,1220],
[1340,1339],
[1341,1339],
[1342,1219],
[1343,1342],
[1344,1342],
[1345,1218],
[1346,1345],
[1348,1347],
[1349,1348],
[1350,1348],
[1351,1350],
[1353,1352],
[1354,1353],
[1355,1353],
[1356,1355],
[1358,1357],
[1360,1359],
[1362,1361],
[1364,1363],
[1365,1364],
[1366,1365],
[1367,1366],
[1368,1365],
[1369,1368],
[1370,1369],
[1371,1370],
[1372,1365],
[1374,1373],
[1375,1374],
[1377,1376],
[1378,1377],
[1379,1377],
[1380,1379],
[1381,1380],
[1383,1382],
[1385,1384],
[1,0],
[2,1],
[3,2],
[4,1],
[5,4],
[6,5],
[7,5],
[8,4],
[9,8],
[10,9],
[11,9],
[12,8],
[13,12],
[14,13],
[15,13],
[16,12],
[17,16],
[18,17],
[19,17],
[20,16],
[21,20],
[22,21],
[23,21],
[24,20],
[25,24],
[26,25],
[27,26],
[28,27],
[29,26],
[30,29],
[31,30],
[32,25],
[33,0],
[34,33],
[35,34],
[36,35],
[37,34],
[38,37],
[39,38],
[40,38],
[41,37],
[42,41],
[43,42],
[44,42],
[45,41],
[46,45],
[47,46],
[48,46],
[49,45],
[50,49],
[51,50],
[52,50],
[53,49],
[54,53],
[55,54],
[56,54],
[57,53],
[58,57],
[59,58],
[60,58],
[61,57],
[62,61],
[63,62],
[64,63],
[65,64],
[66,65],
[67,66],
[68,67],
[69,68],
[70,69],
[71,70],
[72,71],
[73,72],
[74,73],
[75,74],
[76,75],
[77,76],
[78,76],
[79,78],
[80,79],
[81,80],
[82,79],
[83,82],
[84,83],
[85,83],
[86,82],
[87,86],
[88,87],
[89,87],
[90,86],
[91,90],
[92,91],
[93,90],
[94,93],
[95,94],
[96,93],
[97,96],
[98,97],
[99,97],
[100,96],
[101,100],
[102,101],
[103,101],
[104,100],
[105,104],
[106,105],
[107,104],
[108,107],
[109,108],
[110,109],
[111,110],
[112,109],
[113,112],
[114,113],
[115,113],
[116,112],
[117,116],
[118,117],
[119,117],
[120,116],
[121,120],
[122,121],
[123,121],
[124,120],
[125,124],
[126,125],
[127,125],
[128,124],
[129,128],
[130,129],
[131,128],
[132,131],
[133,132],
[134,131],
[135,134],
[136,135],
[137,135],
[138,134],
[139,138],
[140,139],
[141,139],
[142,138],
[143,142],
[144,143],
[145,142],
[146,145],
[147,146],
[148,145],
[149,148],
[150,149],
[151,148],
[152,151],
[153,152],
[154,153],
[155,154],
[156,154],
[157,156],
[158,157],
[159,158],
[160,157],
[161,160],
[162,74],
[163,162],
[164,162],
[165,73],
[166,165],
[167,72],
[168,167],
[169,71],
[170,169],
[171,169],
[172,70],
[173,172],
[174,172],
[175,69],
[176,175],
[177,175],
[178,68],
[179,178],
[180,67],
[181,66],
[182,181],
[183,181],
[184,65],
[185,184],
[186,184],
[187,64],
[188,187],
[189,187],
[190,63],
[191,190],
[193,192],
[194,193],
[195,193],
[196,195],
[198,197],
[199,198],
[200,198],
[201,200],
[203,202],
[205,204],
[207,206],
[209,208],
[210,209],
[211,210],
[212,211],
[213,210],
[214,213],
[215,214],
[216,215],
[217,210],
[219,218],
[220,219],
[222,221],
[223,222],
[224,222],
[225,224],
[226,225],
[228,227],
[230,229],
[232,231],
[233,232],
[234,233],
[235,232],
[236,235],
[237,236],
[238,236],
[239,235],
[240,239],
[241,240],
[242,240],
[243,239],
[244,243],
[245,244],
[246,244],
[247,243],
[248,247],
[249,248],
[250,248],
[251,247],
[252,251],
[253,252],
[254,252],
[255,251],
[256,255],
[257,256],
[258,257],
[259,258],
[260,257],
[261,260],
[262,261],
[263,256],
[264,231],
[265,264],
[266,265],
[267,266],
[268,265],
[269,268],
[270,269],
[271,269],
[272,268],
[273,272],
[274,273],
[275,273],
[276,272],
[277,276],
[278,277],
[279,277],
[280,276],
[281,280],
[282,281],
[283,281],
[284,280],
[285,284],
[286,285],
[287,285],
[288,284],
[289,288],
[290,289],
[291,289],
[292,288],
[293,292],
[294,293],
[295,294],
[296,295],
[297,296],
[298,297],
[299,298],
[300,299],
[301,300],
[302,301],
[303,302],
[304,303],
[305,304],
[306,305],
[307,306],
[308,307],
[309,307],
[310,309],
[311,310],
[312,311],
[313,310],
[314,313],
[315,314],
[316,314],
[317,313],
[318,317],
[319,318],
[320,318],
[321,317],
[322,321],
[323,322],
[324,321],
[325,324],
[326,325],
[327,324],
[328,327],
[329,328],
[330,328],
[331,327],
[332,331],
[333,332],
[334,332],
[335,331],
[336,335],
[337,336],
[338,335],
[339,338],
[340,339],
[341,340],
[342,341],
[343,340],
[344,343],
[345,344],
[346,344],
[347,343],
[348,347],
[349,348],
[350,348],
[351,347],
[352,351],
[353,352],
[354,352],
[355,351],
[356,355],
[357,356],
[358,356],
[359,355],
[360,359],
[361,360],
[362,359],
[363,362],
[364,363],
[365,362],
[366,365],
[367,366],
[368,366],
[369,365],
[370,369],
[371,370],
[372,370],
[373,369],
[374,373],
[375,374],
[376,373],
[377,376],
[378,377],
[379,376],
[380,379],
[381,380],
[382,379],
[383,382],
[384,383],
[385,384],
[386,385],
[387,385],
[388,387],
[389,388],
[390,389],
[391,388],
[392,391],
[393,305],
[394,393],
[395,393],
[396,304],
[397,396],
[398,303],
[399,398],
[400,302],
[401,400],
[402,400],
[403,301],
[404,403],
[405,403],
[406,300],
[407,406],
[408,406],
[409,299],
[410,409],
[411,298],
[412,297],
[413,412],
[414,412],
[415,296],
[416,415],
[417,415],
[418,295],
[419,418],
[420,418],
[421,294],
[422,421],
[424,423],
[425,424],
[426,424],
[427,426],
[429,428],
[430,429],
[431,429],
[432,431],
[434,433],
[436,435],
[438,437],
[440,439],
[441,440],
[442,441],
[443,442],
[444,441],
[445,444],
[446,445],
[447,446],
[448,441],
[450,449],
[451,450],
[453,452],
[454,453],
[455,453],
[456,455],
[457,456],
[459,458],
[461,460],
[463,462],
[464,463],
[465,464],
[466,463],
[467,466],
[468,467],
[469,467],
[470,466],
[471,470],
[472,471],
[473,471],
[474,470],
[475,474],
[476,475],
[477,475],
[478,474],
[479,478],
[480,479],
[481,479],
[482,478],
[483,482],
[484,483],
[485,483],
[486,482],
[487,486],
[488,487],
[489,488],
[490,489],
[491,488],
[492,491],
[493,492],
[494,487],
[495,462],
[496,495],
[497,496],
[498,497],
[499,496],
[500,499],
[501,500],
[502,500],
[503,499],
[504,503],
[505,504],
[506,504],
[507,503],
[508,507],
[509,508],
[510,508],
[511,507],
[512,511],
[513,512],
[514,512],
[515,511],
[516,515],
[517,516],
[518,516],
[519,515],
[520,519],
[521,520],
[522,520],
[523,519],
[524,523],
[525,524],
[526,525],
[527,526],
[528,527],
[529,528],
[530,529],
[531,530],
[532,531],
[533,532],
[534,533],
[535,534],
[536,535],
[537,536],
[538,537],
[539,538],
[540,538],
[541,540],
[542,541],
[543,542],
[544,541],
[545,544],
[546,545],
[547,545],
[548,544],
[549,548],
[550,549],
[551,549],
[552,548],
[553,552],
[554,553],
[555,552],
[556,555],
[557,556],
[558,555],
[559,558],
[560,559],
[561,559],
[562,558],
[563,562],
[564,563],
[565,563],
[566,562],
[567,566],
[568,567],
[569,566],
[570,569],
[571,570],
[572,571],
[573,572],
[574,571],
[575,574],
[576,575],
[577,575],
[578,574],
[579,578],
[580,579],
[581,579],
[582,578],
[583,582],
[584,583],
[585,583],
[586,582],
[587,586],
[588,587],
[589,587],
[590,586],
[591,590],
[592,591],
[593,590],
[594,593],
[595,594],
[596,593],
[597,596],
[598,597],
[599,597],
[600,596],
[601,600],
[602,601],
[603,601],
[604,600],
[605,604],
[606,605],
[607,604],
[608,607],
[609,608],
[610,607],
[611,610],
[612,611],
[613,610],
[614,613],
[615,614],
[616,615],
[617,616],
[618,616],
[619,618],
[620,619],
[621,620],
[622,619],
[623,622],
[624,536],
[625,624],
[626,624],
[627,535],
[628,627],
[629,534],
[630,629],
[631,533],
[632,631],
[633,631],
[634,532],
[635,634],
[636,634],
[637,531],
[638,637],
[639,637],
[640,530],
[641,640],
[642,529],
[643,528],
[644,643],
[645,643],
[646,527],
[647,646],
[648,646],
[649,526],
[650,649],
[651,649],
[652,525],
[653,652],
[655,654],
[656,655],
[657,655],
[658,657],
[660,659],
[661,660],
[662,660],
[663,662],
[665,664],
[667,666],
[669,668],
[671,670],
[672,671],
[673,672],
[674,673],
[675,672],
[676,675],
[677,676],
[678,677],
[679,672],
[681,680],
[682,681],
[684,683],
[685,684],
[686,684],
[687,686],
[688,687],
[690,689],
[692,691],
[694,693],
[695,694],
[696,695],
[697,694],
[698,697],
[699,698],
[700,698],
[701,697],
[702,701],
[703,702],
[704,702],
[705,701],
[706,705],
[707,706],
[708,706],
[709,705],
[710,709],
[711,710],
[712,710],
[713,709],
[714,713],
[715,714],
[716,714],
[717,713],
[718,717],
[719,718],
[720,719],
[721,720],
[722,719],
[723,722],
[724,723],
[725,718],
[726,693],
[727,726],
[728,727],
[729,728],
[730,727],
[731,730],
[732,731],
[733,731],
[734,730],
[735,734],
[736,735],
[737,735],
[738,734],
[739,738],
[740,739],
[741,739],
[742,738],
[743,742],
[744,743],
[745,743],
[746,742],
[747,746],
[748,747],
[749,747],
[750,746],
[751,750],
[752,751],
[753,751],
[754,750],
[755,754],
[756,755],
[757,756],
[758,757],
[759,758],
[760,759],
[761,760],
[762,761],
[763,762],
[764,763],
[765,764],
[766,765],
[767,766],
[768,767],
[769,768],
[770,769],
[771,769],
[772,771],
[773,772],
[774,773],
[775,772],
[776,775],
[777,776],
[778,776],
[779,775],
[780,779],
[781,780],
[782,780],
[783,779],
[784,783],
[785,784],
[786,783],
[787,786],
[788,787],
[789,786],
[790,789],
[791,790],
[792,790],
[793,789],
[794,793],
[795,794],
[796,794],
[797,793],
[798,797],
[799,798],
[800,797],
[801,800],
[802,801],
[803,802],
[804,803],
[805,802],
[806,805],
[807,806],
[808,806],
[809,805],
[810,809],
[811,810],
[812,810],
[813,809],
[814,813],
[815,814],
[816,814],
[817,813],
[818,817],
[819,818],
[820,818],
[821,817],
[822,821],
[823,822],
[824,821],
[825,824],
[826,825],
[827,824],
[828,827],
[829,828],
[830,828],
[831,827],
[832,831],
[833,832],
[834,832],
[835,831],
[836,835],
[837,836],
[838,835],
[839,838],
[840,839],
[841,838],
[842,841],
[843,842],
[844,841],
[845,844],
[846,845],
[847,846],
[848,847],
[849,847],
[850,849],
[851,850],
[852,851],
[853,850],
[854,853],
[855,767],
[856,855],
[857,855],
[858,766],
[859,858],
[860,765],
[861,860],
[862,764],
[863,862],
[864,862],
[865,763],
[866,865],
[867,865],
[868,762],
[869,868],
[870,868],
[871,761],
[872,871],
[873,760],
[874,759],
[875,874],
[876,874],
[877,758],
[878,877],
[879,877],
[880,757],
[881,880],
[882,880],
[883,756],
[884,883],
[886,885],
[887,886],
[888,886],
[889,888],
[891,890],
[892,891],
[893,891],
[894,893],
[896,895],
[898,897],
[900,899],
[902,901],
[903,902],
[904,903],
[905,904],
[906,903],
[907,906],
[908,907],
[909,908],
[910,903],
[912,911],
[913,912],
[915,914],
[916,915],
[917,915],
[918,917],
[919,918],
[921,920],
[923,922],
[925,924],
[926,925],
[927,926],
[928,925],
[929,928],
[930,929],
[931,929],
[932,928],
[933,932],
[934,933],
[935,933],
[936,932],
[937,936],
[938,937],
[939,937],
[940,936],
[941,940],
[942,941],
[943,941],
[944,940],
[945,944],
[946,945],
[947,945],
[948,944],
[949,948],
[950,949],
[951,950],
[952,951],
[953,950],
[954,953],
[955,954],
[956,949],
[957,924],
[958,957],
[959,958],
[960,959],
[961,958],
[962,961],
[963,962],
[964,962],
[965,961],
[966,965],
[967,966],
[968,966],
[969,965],
[970,969],
[971,970],
[972,970],
[973,969],
[974,973],
[975,974],
[976,974],
[977,973],
[978,977],
[979,978],
[980,978],
[981,977],
[982,981],
[983,982],
[984,982],
[985,981],
[986,985],
[987,986],
[988,987],
[989,988],
[990,989],
[991,990],
[992,991],
[993,992],
[994,993],
[995,994],
[996,995],
[997,996],
[998,997],
[999,998],
[1000,999],
[1001,1000],
[1002,1000],
[1003,1002],
[1004,1003],
[1005,1004],
[1006,1003],
[1007,1006],
[1008,1007],
[1009,1007],
[1010,1006],
[1011,1010],
[1012,1011],
[1013,1011],
[1014,1010],
[1015,1014],
[1016,1015],
[1017,1014],
[1018,1017],
[1019,1018],
[1020,1017],
[1021,1020],
[1022,1021],
[1023,1021],
[1024,1020],
[1025,1024],
[1026,1025],
[1027,1025],
[1028,1024],
[1029,1028],
[1030,1029],
[1031,1028],
[1032,1031],
[1033,1032],
[1034,1033],
[1035,1034],
[1036,1033],
[1037,1036],
[1038,1037],
[1039,1037],
[1040,1036],
[1041,1040],
[1042,1041],
[1043,1041],
[1044,1040],
[1045,1044],
[1046,1045],
[1047,1045],
[1048,1044],
[1049,1048],
[1050,1049],
[1051,1049],
[1052,1048],
[1053,1052],
[1054,1053],
[1055,1052],
[1056,1055],
[1057,1056],
[1058,1055],
[1059,1058],
[1060,1059],
[1061,1059],
[1062,1058],
[1063,1062],
[1064,1063],
[1065,1063],
[1066,1062],
[1067,1066],
[1068,1067],
[1069,1066],
[1070,1069],
[1071,1070],
[1072,1069],
[1073,1072],
[1074,1073],
[1075,1072],
[1076,1075],
[1077,1076],
[1078,1077],
[1079,1078],
[1080,1078],
[1081,1080],
[1082,1081],
[1083,1082],
[1084,1081],
[1085,1084],
[1086,998],
[1087,1086],
[1088,1086],
[1089,997],
[1090,1089],
[1091,996],
[1092,1091],
[1093,995],
[1094,1093],
[1095,1093],
[1096,994],
[1097,1096],
[1098,1096],
[1099,993],
[1100,1099],
[1101,1099],
[1102,992],
[1103,1102],
[1104,991],
[1105,990],
[1106,1105],
[1107,1105],
[1108,989],
[1109,1108],
[1110,1108],
[1111,988],
[1112,1111],
[1113,1111],
[1114,987],
[1115,1114],
[1117,1116],
[1118,1117],
[1119,1117],
[1120,1119],
[1122,1121],
[1123,1122],
[1124,1122],
[1125,1124],
[1127,1126],
[1129,1128],
[1131,1130],
[1133,1132],
[1134,1133],
[1135,1134],
[1136,1135],
[1137,1134],
[1138,1137],
[1139,1138],
[1140,1139],
[1141,1134],
[1143,1142],
[1144,1143],
[1146,1145],
[1147,1146],
[1148,1146],
[1149,1148],
[1150,1149],
[1152,1151],
[1154,1153],
[1156,1155],
[1157,1156],
[1158,1157],
[1159,1156],
[1160,1159],
[1161,1160],
[1162,1160],
[1163,1159],
[1164,1163],
[1165,1164],
[1166,1164],
[1167,1163],
[1168,1167],
[1169,1168],
[1170,1168],
[1171,1167],
[1172,1171],
[1173,1172],
[1174,1172],
[1175,1171],
[1176,1175],
[1177,1176],
[1178,1176],
[1179,1175],
[1180,1179],
[1181,1180],
[1182,1181],
[1183,1182],
[1184,1181],
[1185,1184],
[1186,1185],
[1187,1180],
[1188,1155],
[1189,1188],
[1190,1189],
[1191,1190],
[1192,1189],
[1193,1192],
[1194,1193],
[1195,1193],
[1196,1192],
[1197,1196],
[1198,1197],
[1199,1197],
[1200,1196],
[1201,1200],
[1202,1201],
[1203,1201],
[1204,1200],
[1205,1204],
[1206,1205],
[1207,1205],
[1208,1204],
[1209,1208],
[1210,1209],
[1211,1209],
[1212,1208],
[1213,1212],
[1214,1213],
[1215,1213],
[1216,1212],
[1217,1216],
[1218,1217],
[1219,1218],
[1220,1219],
[1221,1220],
[1222,1221],
[1223,1222],
[1224,1223],
[1225,1224],
[1226,1225],
[1227,1226],
[1228,1227],
[1229,1228],
[1230,1229],
[1231,1230],
[1232,1231],
[1233,1231],
[1234,1233],
[1235,1234],
[1236,1235],
[1237,1234],
[1238,1237],
[1239,1238],
[1240,1238],
[1241,1237],
[1242,1241],
[1243,1242],
[1244,1242],
[1245,1241],
[1246,1245],
[1247,1246],
[1248,1245],
[1249,1248],
[1250,1249],
[1251,1248],
[1252,1251],
[1253,1252],
[1254,1252],
[1255,1251],
[1256,1255],
[1257,1256],
[1258,1256],
[1259,1255],
[1260,1259],
[1261,1260],
[1262,1259],
[1263,1262],
[1264,1263],
[1265,1264],
[1266,1265],
[1267,1264],
[1268,1267],
[1269,1268],
[1270,1268],
[1271,1267],
[1272,1271],
[1273,1272],
[1274,1272],
[1275,1271],
[1276,1275],
[1277,1276],
[1278,1276],
[1279,1275],
[1280,1279],
[1281,1280],
[1282,1280],
[1283,1279],
[1284,1283],
[1285,1284],
[1286,1283],
[1287,1286],
[1288,1287],
[1289,1286],
[1290,1289],
[1291,1290],
[1292,1290],
[1293,1289],
[1294,1293],
[1295,1294],
[1296,1294],
[1297,1293],
[1298,1297],
[1299,1298],
[1300,1297],
[1301,1300],
[1302,1301],
[1303,1300],
[1304,1303],
[1305,1304],
[1306,1303],
[1307,1306],
[1308,1307],
[1309,1308],
[1310,1309],
[1311,1309],
[1312,1311],
[1313,1312],
[1314,1313],
[1315,1312],
[1316,1315],
[1317,1229],
[1318,1317],
[1319,1317],
[1320,1228],
[1321,1320],
[1322,1227],
[1323,1322],
[1324,1226],
[1325,1324],
[1326,1324],
[1327,1225],
[1328,1327],
[1329,1327],
[1330,1224],
[1331,1330],
[1332,1330],
[1333,1223],
[1334,1333],
[1335,1222],
[1336,1221],
[1337,1336],
[1338,1336],
[1339,1220],
[1340,1339],
[1341,1339],
[1342,1219],
[1343,1342],
[1344,1342],
[1345,1218],
[1346,1345],
[1348,1347],
[1349,1348],
[1350,1348],
[1351,1350],
[1353,1352],
[1354,1353],
[1355,1353],
[1356,1355],
[1358,1357],
[1360,1359],
[1362,1361],
[1364,1363],
[1365,1364],
[1366,1365],
[1367,1366],
[1368,1365],
[1369,1368],
[1370,1369],
[1371,1370],
[1372,1365],
[1374,1373],
[1375,1374],
[1377,1376],
[1378,1377],
[1379,1377],
[1380,1379],
[1381,1380],
[1383,1382],
[1385,1384],
[1387,1386],
[1388,1387],
[1389,1388],
[1390,1387],
[1391,1390],
[1392,1391],
[1393,1391],
[1394,1390],
[1395,1394],
[1396,1395],
[1397,1395],
[1398,1394],
[1399,1398],
[1400,1399],
[1401,1399],
[1402,1398],
[1403,1402],
[1404,1403],
[1405,1403],
[1406,1402],
[1407,1406],
[1408,1407],
[1409,1407],
[1410,1406],
[1411,1410],
[1412,1411],
[1413,1412],
[1414,1413],
[1415,1412],
[1416,1415],
[1417,1416],
[1418,1411],
[1419,1386],
[1420,1419],
[1421,1420],
[1422,1421],
[1423,1420],
[1424,1423],
[1425,1424],
[1426,1424],
[1427,1423],
[1428,1427],
[1429,1428],
[1430,1428],
[1431,1427],
[1432,1431],
[1433,1432],
[1434,1432],
[1435,1431],
[1436,1435],
[1437,1436],
[1438,1436],
[1439,1435],
[1440,1439],
[1441,1440],
[1442,1440],
[1443,1439],
[1444,1443],
[1445,1444],
[1446,1444],
[1447,1443],
[1448,1447],
[1449,1448],
[1450,1449],
[1451,1450],
[1452,1451],
[1453,1452],
[1454,1453],
[1455,1454],
[1456,1455],
[1457,1456],
[1458,1457],
[1459,1458],
[1460,1459],
[1461,1460],
[1462,1461],
[1463,1462],
[1464,1462],
[1465,1464],
[1466,1465],
[1467,1466],
[1468,1465],
[1469,1468],
[1470,1469],
[1471,1469],
[1472,1468],
[1473,1472],
[1474,1473],
[1475,1473],
[1476,1472],
[1477,1476],
[1478,1477],
[1479,1476],
[1480,1479],
[1481,1480],
[1482,1479],
[1483,1482],
[1484,1483],
[1485,1483],
[1486,1482],
[1487,1486],
[1488,1487],
[1489,1487],
[1490,1486],
[1491,1490],
[1492,1491],
[1493,1490],
[1494,1493],
[1495,1494],
[1496,1495],
[1497,1496],
[1498,1495],
[1499,1498],
[1500,1499],
[1501,1499],
[1502,1498],
[1503,1502],
[1504,1503],
[1505,1503],
[1506,1502],
[1507,1506],
[1508,1507],
[1509,1507],
[1510,1506],
[1511,1510],
[1512,1511],
[1513,1511],
[1514,1510],
[1515,1514],
[1516,1515],
[1517,1514],
[1518,1517],
[1519,1518],
[1520,1517],
[1521,1520],
[1522,1521],
[1523,1521],
[1524,1520],
[1525,1524],
[1526,1525],
[1527,1525],
[1528,1524],
[1529,1528],
[1530,1529],
[1531,1528],
[1532,1531],
[1533,1532],
[1534,1531],
[1535,1534],
[1536,1535],
[1537,1534],
[1538,1537],
[1539,1538],
[1540,1539],
[1541,1540],
[1542,1540],
[1543,1542],
[1544,1543],
[1545,1544],
[1546,1543],
[1547,1546],
[1548,1460],
[1549,1548],
[1550,1548],
[1551,1459],
[1552,1551],
[1553,1458],
[1554,1553],
[1555,1457],
[1556,1555],
[1557,1555],
[1558,1456],
[1559,1558],
[1560,1558],
[1561,1455],
[1562,1561],
[1563,1561],
[1564,1454],
[1565,1564],
[1566,1453],
[1567,1452],
[1568,1567],
[1569,1567],
[1570,1451],
[1571,1570],
[1572,1570],
[1573,1450],
[1574,1573],
[1575,1573],
[1576,1449],
[1577,1576],
[1579,1578],
[1580,1579],
[1581,1579],
[1582,1581],
[1584,1583],
[1585,1584],
[1586,1584],
[1587,1586],
[1589,1588],
[1591,1590],
[1593,1592],
[1595,1594],
[1596,1595],
[1597,1596],
[1598,1597],
[1599,1596],
[1600,1599],
[1601,1600],
[1602,1601],
[1603,1596],
[1605,1604],
[1606,1605],
[1608,1607],
[1609,1608],
[1610,1608],
[1611,1610],
[1612,1611],
[1614,1613],
[1616,1615],
[1,0],
[2,1],
[3,2],
[4,1],
[5,4],
[6,5],
[7,5],
[8,4],
[9,8],
[10,9],
[11,9],
[12,8],
[13,12],
[14,13],
[15,13],
[16,12],
[17,16],
[18,17],
[19,17],
[20,16],
[21,20],
[22,21],
[23,21],
[24,20],
[25,24],
[26,25],
[27,26],
[28,27],
[29,26],
[30,29],
[31,30],
[32,25],
[33,0],
[34,33],
[35,34],
[36,35],
[37,34],
[38,37],
[39,38],
[40,38],
[41,37],
[42,41],
[43,42],
[44,42],
[45,41],
[46,45],
[47,46],
[48,46],
[49,45],
[50,49],
[51,50],
[52,50],
[53,49],
[54,53],
[55,54],
[56,54],
[57,53],
[58,57],
[59,58],
[60,58],
[61,57],
[62,61],
[63,62],
[64,63],
[65,64],
[66,65],
[67,66],
[68,67],
[69,68],
[70,69],
[71,70],
[72,71],
[73,72],
[74,73],
[75,74],
[76,75],
[77,76],
[78,76],
[79,78],
[80,79],
[81,80],
[82,79],
[83,82],
[84,83],
[85,83],
[86,82],
[87,86],
[88,87],
[89,87],
[90,86],
[91,90],
[92,91],
[93,90],
[94,93],
[95,94],
[96,93],
[97,96],
[98,97],
[99,97],
[100,96],
[101,100],
[102,101],
[103,101],
[104,100],
[105,104],
[106,105],
[107,104],
[108,107],
[109,108],
[110,109],
[111,110],
[112,109],
[113,112],
[114,113],
[115,113],
[116,112],
[117,116],
[118,117],
[119,117],
[120,116],
[121,120],
[122,121],
[123,121],
[124,120],
[125,124],
[126,125],
[127,125],
[128,124],
[129,128],
[130,129],
[131,128],
[132,131],
[133,132],
[134,131],
[135,134],
[136,135],
[137,135],
[138,134],
[139,138],
[140,139],
[141,139],
[142,138],
[143,142],
[144,143],
[145,142],
[146,145],
[147,146],
[148,145],
[149,148],
[150,149],
[151,148],
[152,151],
[153,152],
[154,153],
[155,154],
[156,154],
[157,156],
[158,157],
[159,158],
[160,157],
[161,160],
[162,74],
[163,162],
[164,162],
[165,73],
[166,165],
[167,72],
[168,167],
[169,71],
[170,169],
[171,169],
[172,70],
[173,172],
[174,172],
[175,69],
[176,175],
[177,175],
[178,68],
[179,178],
[180,67],
[181,66],
[182,181],
[183,181],
[184,65],
[185,184],
[186,184],
[187,64],
[188,187],
[189,187],
[190,63],
[191,190],
[193,192],
[194,193],
[195,193],
[196,195],
[198,197],
[199,198],
[200,198],
[201,200],
[203,202],
[205,204],
[207,206],
[209,208],
[210,209],
[211,210],
[212,211],
[213,210],
[214,213],
[215,214],
[216,215],
[217,210],
[219,218],
[220,219],
[222,221],
[223,222],
[224,222],
[225,224],
[226,225],
[228,227],
[230,229],
[232,231],
[233,232],
[234,233],
[235,232],
[236,235],
[237,236],
[238,236],
[239,235],
[240,239],
[241,240],
[242,240],
[243,239],
[244,243],
[245,244],
[246,244],
[247,243],
[248,247],
[249,248],
[250,248],
[251,247],
[252,251],
[253,252],
[254,252],
[255,251],
[256,255],
[257,256],
[258,257],
[259,258],
[260,257],
[261,260],
[262,261],
[263,256],
[264,231],
[265,264],
[266,265],
[267,266],
[268,265],
[269,268],
[270,269],
[271,269],
[272,268],
[273,272],
[274,273],
[275,273],
[276,272],
[277,276],
[278,277],
[279,277],
[280,276],
[281,280],
[282,281],
[283,281],
[284,280],
[285,284],
[286,285],
[287,285],
[288,284],
[289,288],
[290,289],
[291,289],
[292,288],
[293,292],
[294,293],
[295,294],
[296,295],
[297,296],
[298,297],
[299,298],
[300,299],
[301,300],
[302,301],
[303,302],
[304,303],
[305,304],
[306,305],
[307,306],
[308,307],
[309,307],
[310,309],
[311,310],
[312,311],
[313,310],
[314,313],
[315,314],
[316,314],
[317,313],
[318,317],
[319,318],
[320,318],
[321,317],
[322,321],
[323,322],
[324,321],
[325,324],
[326,325],
[327,324],
[328,327],
[329,328],
[330,328],
[331,327],
[332,331],
[333,332],
[334,332],
[335,331],
[336,335],
[337,336],
[338,335],
[339,338],
[340,339],
[341,340],
[342,341],
[343,340],
[344,343],
[345,344],
[346,344],
[347,343],
[348,347],
[349,348],
[350,348],
[351,347],
[352,351],
[353,352],
[354,352],
[355,351],
[356,355],
[357,356],
[358,356],
[359,355],
[360,359],
[361,360],
[362,359],
[363,362],
[364,363],
[365,362],
[366,365],
[367,366],
[368,366],
[369,365],
[370,369],
[371,370],
[372,370],
[373,369],
[374,373],
[375,374],
[376,373],
[377,376],
[378,377],
[379,376],
[380,379],
[381,380],
[382,379],
[383,382],
[384,383],
[385,384],
[386,385],
[387,385],
[388,387],
[389,388],
[390,389],
[391,388],
[392,391],
[393,305],
[394,393],
[395,393],
[396,304],
[397,396],
[398,303],
[399,398],
[400,302],
[401,400],
[402,400],
[403,301],
[404,403],
[405,403],
[406,300],
[407,406],
[408,406],
[409,299],
[410,409],
[411,298],
[412,297],
[413,412],
[414,412],
[415,296],
[416,415],
[417,415],
[418,295],
[419,418],
[420,418],
[421,294],
[422,421],
[424,423],
[425,424],
[426,424],
[427,426],
[429,428],
[430,429],
[431,429],
[432,431],
[434,433],
[436,435],
[438,437],
[440,439],
[441,440],
[442,441],
[443,442],
[444,441],
[445,444],
[446,445],
[447,446],
[448,441],
[450,449],
[451,450],
[453,452],
[454,453],
[455,453],
[456,455],
[457,456],
[459,458],
[461,460],
[463,462],
[464,463],
[465,464],
[466,463],
[467,466],
[468,467],
[469,467],
[470,466],
[471,470],
[472,471],
[473,471],
[474,470],
[475,474],
[476,475],
[477,475],
[478,474],
[479,478],
[480,479],
[481,479],
[482,478],
[483,482],
[484,483],
[485,483],
[486,482],
[487,486],
[488,487],
[489,488],
[490,489],
[491,488],
[492,491],
[493,492],
[494,487],
[495,462],
[496,495],
[497,496],
[498,497],
[499,496],
[500,499],
[501,500],
[502,500],
[503,499],
[504,503],
[505,504],
[506,504],
[507,503],
[508,507],
[509,508],
[510,508],
[511,507],
[512,511],
[513,512],
[514,512],
[515,511],
[516,515],
[517,516],
[518,516],
[519,515],
[520,519],
[521,520],
[522,520],
[523,519],
[524,523],
[525,524],
[526,525],
[527,526],
[528,527],
[529,528],
[530,529],
[531,530],
[532,531],
[533,532],
[534,533],
[535,534],
[536,535],
[537,536],
[538,537],
[539,538],
[540,538],
[541,540],
[542,541],
[543,542],
[544,541],
[545,544],
[546,545],
[547,545],
[548,544],
[549,548],
[550,549],
[551,549],
[552,548],
[553,552],
[554,553],
[555,552],
[556,555],
[557,556],
[558,555],
[559,558],
[560,559],
[561,559],
[562,558],
[563,562],
[564,563],
[565,563],
[566,562],
[567,566],
[568,567],
[569,566],
[570,569],
[571,570],
[572,571],
[573,572],
[574,571],
[575,574],
[576,575],
[577,575],
[578,574],
[579,578],
[580,579],
[581,579],
[582,578],
[583,582],
[584,583],
[585,583],
[586,582],
[587,586],
[588,587],
[589,587],
[590,586],
[591,590],
[592,591],
[593,590],
[594,593],
[595,594],
[596,593],
[597,596],
[598,597],
[599,597],
[600,596],
[601,600],
[602,601],
[603,601],
[604,600],
[605,604],
[606,605],
[607,604],
[608,607],
[609,608],
[610,607],
[611,610],
[612,611],
[613,610],
[614,613],
[615,614],
[616,615],
[617,616],
[618,616],
[619,618],
[620,619],
[621,620],
[622,619],
[623,622],
[624,536],
[625,624],
[626,624],
[627,535],
[628,627],
[629,534],
[630,629],
[631,533],
[632,631],
[633,631],
[634,532],
[635,634],
[636,634],
[637,531],
[638,637],
[639,637],
[640,530],
[641,640],
[642,529],
[643,528],
[644,643],
[645,643],
[646,527],
[647,646],
[648,646],
[649,526],
[650,649],
[651,649],
[652,525],
[653,652],
[655,654],
[656,655],
[657,655],
[658,657],
[660,659],
[661,660],
[662,660],
[663,662],
[665,664],
[667,666],
[669,668],
[671,670],
[672,671],
[673,672],
[674,673],
[675,672],
[676,675],
[677,676],
[678,677],
[679,672],
[681,680],
[682,681],
[684,683],
[685,684],
[686,684],
[687,686],
[688,687],
[690,689],
[692,691],
[694,693],
[695,694],
[696,695],
[697,694],
[698,697],
[699,698],
[700,698],
[701,697],
[702,701],
[703,702],
[704,702],
[705,701],
[706,705],
[707,706],
[708,706],
[709,705],
[710,709],
[711,710],
[712,710],
[713,709],
[714,713],
[715,714],
[716,714],
[717,713],
[718,717],
[719,718],
[720,719],
[721,720],
[722,719],
[723,722],
[724,723],
[725,718],
[726,693],
[727,726],
[728,727],
[729,728],
[730,727],
[731,730],
[732,731],
[733,731],
[734,730],
[735,734],
[736,735],
[737,735],
[738,734],
[739,738],
[740,739],
[741,739],
[742,738],
[743,742],
[744,743],
[745,743],
[746,742],
[747,746],
[748,747],
[749,747],
[750,746],
[751,750],
[752,751],
[753,751],
[754,750],
[755,754],
[756,755],
[757,756],
[758,757],
[759,758],
[760,759],
[761,760],
[762,761],
[763,762],
[764,763],
[765,764],
[766,765],
[767,766],
[768,767],
[769,768],
[770,769],
[771,769],
[772,771],
[773,772],
[774,773],
[775,772],
[776,775],
[777,776],
[778,776],
[779,775],
[780,779],
[781,780],
[782,780],
[783,779],
[784,783],
[785,784],
[786,783],
[787,786],
[788,787],
[789,786],
[790,789],
[791,790],
[792,790],
[793,789],
[794,793],
[795,794],
[796,794],
[797,793],
[798,797],
[799,798],
[800,797],
[801,800],
[802,801],
[803,802],
[804,803],
[805,802],
[806,805],
[807,806],
[808,806],
[809,805],
[810,809],
[811,810],
[812,810],
[813,809],
[814,813],
[815,814],
[816,814],
[817,813],
[818,817],
[819,818],
[820,818],
[821,817],
[822,821],
[823,822],
[824,821],
[825,824],
[826,825],
[827,824],
[828,827],
[829,828],
[830,828],
[831,827],
[832,831],
[833,832],
[834,832],
[835,831],
[836,835],
[837,836],
[838,835],
[839,838],
[840,839],
[841,838],
[842,841],
[843,842],
[844,841],
[845,844],
[846,845],
[847,846],
[848,847],
[849,847],
[850,849],
[851,850],
[852,851],
[853,850],
[854,853],
[855,767],
[856,855],
[857,855],
[858,766],
[859,858],
[860,765],
[861,860],
[862,764],
[863,862],
[864,862],
[865,763],
[866,865],
[867,865],
[868,762],
[869,868],
[870,868],
[871,761],
[872,871],
[873,760],
[874,759],
[875,874],
[876,874],
[877,758],
[878,877],
[879,877],
[880,757],
[881,880],
[882,880],
[883,756],
[884,883],
[886,885],
[887,886],
[888,886],
[889,888],
[891,890],
[892,891],
[893,891],
[894,893],
[896,895],
[898,897],
[900,899],
[902,901],
[903,902],
[904,903],
[905,904],
[906,903],
[907,906],
[908,907],
[909,908],
[910,903],
[912,911],
[913,912],
[915,914],
[916,915],
[917,915],
[918,917],
[919,918],
[921,920],
[923,922],
[925,924],
[926,925],
[927,926],
[928,925],
[929,928],
[930,929],
[931,929],
[932,928],
[933,932],
[934,933],
[935,933],
[936,932],
[937,936],
[938,937],
[939,937],
[940,936],
[941,940],
[942,941],
[943,941],
[944,940],
[945,944],
[946,945],
[947,945],
[948,944],
[949,948],
[950,949],
[951,950],
[952,951],
[953,950],
[954,953],
[955,954],
[956,949],
[957,924],
[958,957],
[959,958],
[960,959],
[961,958],
[962,961],
[963,962],
[964,962],
[965,961],
[966,965],
[967,966],
[968,966],
[969,965],
[970,969],
[971,970],
[972,970],
[973,969],
[974,973],
[975,974],
[976,974],
[977,973],
[978,977],
[979,978],
[980,978],
[981,977],
[982,981],
[983,982],
[984,982],
[985,981],
[986,985],
[987,986],
[988,987],
[989,988],
[990,989],
[991,990],
[992,991],
[993,992],
[994,993],
[995,994],
[996,995],
[997,996],
[998,997],
[999,998],
[1000,999],
[1001,1000],
[1002,1000],
[1003,1002],
[1004,1003],
[1005,1004],
[1006,1003],
[1007,1006],
[1008,1007],
[1009,1007],
[1010,1006],
[1011,1010],
[1012,1011],
[1013,1011],
[1014,1010],
[1015,1014],
[1016,1015],
[1017,1014],
[1018,1017],
[1019,1018],
[1020,1017],
[1021,1020],
[1022,1021],
[1023,1021],
[1024,1020],
[1025,1024],
[1026,1025],
[1027,1025],
[1028,1024],
[1029,1028],
[1030,1029],
[1031,1028],
[1032,1031],
[1033,1032],
[1034,1033],
[1035,1034],
[1036,1033],
[1037,1036],
[1038,1037],
[1039,1037],
[1040,1036],
[1041,1040],
[1042,1041],
[1043,1041],
[1044,1040],
[1045,1044],
[1046,1045],
[1047,1045],
[1048,1044],
[1049,1048],
[1050,1049],
[1051,1049],
[1052,1048],
[1053,1052],
[1054,1053],
[1055,1052],
[1056,1055],
[1057,1056],
[1058,1055],
[1059,1058],
[1060,1059],
[1061,1059],
[1062,1058],
[1063,1062],
[1064,1063],
[1065,1063],
[1066,1062],
[1067,1066],
[1068,1067],
[1069,1066],
[1070,1069],
[1071,1070],
[1072,1069],
[1073,1072],
[1074,1073],
[1075,1072],
[1076,1075],
[1077,1076],
[1078,1077],
[1079,1078],
[1080,1078],
[1081,1080],
[1082,1081],
[1083,1082],
[1084,1081],
[1085,1084],
[1086,998],
[1087,1086],
[1088,1086],
[1089,997],
[1090,1089],
[1091,996],
[1092,1091],
[1093,995],
[1094,1093],
[1095,1093],
[1096,994],
[1097,1096],
[1098,1096],
[1099,993],
[1100,1099],
[1101,1099],
[1102,992],
[1103,1102],
[1104,991],
[1105,990],
[1106,1105],
[1107,1105],
[1108,989],
[1109,1108],
[1110,1108],
[1111,988],
[1112,1111],
[1113,1111],
[1114,987],
[1115,1114],
[1117,1116],
[1118,1117],
[1119,1117],
[1120,1119],
[1122,1121],
[1123,1122],
[1124,1122],
[1125,1124],
[1127,1126],
[1129,1128],
[1131,1130],
[1133,1132],
[1134,1133],
[1135,1134],
[1136,1135],
[1137,1134],
[1138,1137],
[1139,1138],
[1140,1139],
[1141,1134],
[1143,1142],
[1144,1143],
[1146,1145],
[1147,1146],
[1148,1146],
[1149,1148],
[1150,1149],
[1152,1151],
[1154,1153],
[1156,1155],
[1157,1156],
[1158,1157],
[1159,1156],
[1160,1159],
[1161,1160],
[1162,1160],
[1163,1159],
[1164,1163],
[1165,1164],
[1166,1164],
[1167,1163],
[1168,1167],
[1169,1168],
[1170,1168],
[1171,1167],
[1172,1171],
[1173,1172],
[1174,1172],
[1175,1171],
[1176,1175],
[1177,1176],
[1178,1176],
[1179,1175],
[1180,1179],
[1181,1180],
[1182,1181],
[1183,1182],
[1184,1181],
[1185,1184],
[1186,1185],
[1187,1180],
[1188,1155],
[1189,1188],
[1190,1189],
[1191,1190],
[1192,1189],
[1193,1192],
[1194,1193],
[1195,1193],
[1196,1192],
[1197,1196],
[1198,1197],
[1199,1197],
[1200,1196],
[1201,1200],
[1202,1201],
[1203,1201],
[1204,1200],
[1205,1204],
[1206,1205],
[1207,1205],
[1208,1204],
[1209,1208],
[1210,1209],
[1211,1209],
[1212,1208],
[1213,1212],
[1214,1213],
[1215,1213],
[1216,1212],
[1217,1216],
[1218,1217],
[1219,1218],
[1220,1219],
[1221,1220],
[1222,1221],
[1223,1222],
[1224,1223],
[1225,1224],
[1226,1225],
[1227,1226],
[1228,1227],
[1229,1228],
[1230,1229],
[1231,1230],
[1232,1231],
[1233,1231],
[1234,1233],
[1235,1234],
[1236,1235],
[1237,1234],
[1238,1237],
[1239,1238],
[1240,1238],
[1241,1237],
[1242,1241],
[1243,1242],
[1244,1242],
[1245,1241],
[1246,1245],
[1247,1246],
[1248,1245],
[1249,1248],
[1250,1249],
[1251,1248],
[1252,1251],
[1253,1252],
[1254,1252],
[1255,1251],
[1256,1255],
[1257,1256],
[1258,1256],
[1259,1255],
[1260,1259],
[1261,1260],
[1262,1259],
[1263,1262],
[1264,1263],
[1265,1264],
[1266,1265],
[1267,1264],
[1268,1267],
[1269,1268],
[1270,1268],
[1271,1267],
[1272,1271],
[1273,1272],
[1274,1272],
[1275,1271],
[1276,1275],
[1277,1276],
[1278,1276],
[1279,1275],
[1280,1279],
[1281,1280],
[1282,1280],
[1283,1279],
[1284,1283],
[1285,1284],
[1286,1283],
[1287,1286],
[1288,1287],
[1289,1286],
[1290,1289],
[1291,1290],
[1292,1290],
[1293,1289],
[1294,1293],
[1295,1294],
[1296,1294],
[1297,1293],
[1298,1297],
[1299,1298],
[1300,1297],
[1301,1300],
[1302,1301],
[1303,1300],
[1304,1303],
[1305,1304],
[1306,1303],
[1307,1306],
[1308,1307],
[1309,1308],
[1310,1309],
[1311,1309],
[1312,1311],
[1313,1312],
[1314,1313],
[1315,1312],
[1316,1315],
[1317,1229],
[1318,1317],
[1319,1317],
[1320,1228],
[1321,1320],
[1322,1227],
[1323,1322],
[1324,1226],
[1325,1324],
[1326,1324],
[1327,1225],
[1328,1327],
[1329,1327],
[1330,1224],
[1331,1330],
[1332,1330],
[1333,1223],
[1334,1333],
[1335,1222],
[1336,1221],
[1337,1336],
[1338,1336],
[1339,1220],
[1340,1339],
[1341,1339],
[1342,1219],
[1343,1342],
[1344,1342],
[1345,1218],
[1346,1345],
[1348,1347],
[1349,1348],
[1350,1348],
[1351,1350],
[1353,1352],
[1354,1353],
[1355,1353],
[1356,1355],
[1358,1357],
[1360,1359],
[1362,1361],
[1364,1363],
[1365,1364],
[1366,1365],
[1367,1366],
[1368,1365],
[1369,1368],
[1370,1369],
[1371,1370],
[1372,1365],
[1374,1373],
[1375,1374],
[1377,1376],
[1378,1377],
[1379,1377],
[1380,1379],
[1381,1380],
[1383,1382],
[1385,1384],
[1387,1386],
[1388,1387],
[1389,1388],
[1390,1387],
[1391,1390],
[1392,1391],
[1393,1391],
[1394,1390],
[1395,1394],
[1396,1395],
[1397,1395],
[1398,1394],
[1399,1398],
[1400,1399],
[1401,1399],
[1402,1398],
[1403,1402],
[1404,1403],
[1405,1403],
[1406,1402],
[1407,1406],
[1408,1407],
[1409,1407],
[1410,1406],
[1411,1410],
[1412,1411],
[1413,1412],
[1414,1413],
[1415,1412],
[1416,1415],
[1417,1416],
[1418,1411],
[1419,1386],
[1420,1419],
[1421,1420],
[1422,1421],
[1423,1420],
[1424,1423],
[1425,1424],
[1426,1424],
[1427,1423],
[1428,1427],
[1429,1428],
[1430,1428],
[1431,1427],
[1432,1431],
[1433,1432],
[1434,1432],
[1435,1431],
[1436,1435],
[1437,1436],
[1438,1436],
[1439,1435],
[1440,1439],
[1441,1440],
[1442,1440],
[1443,1439],
[1444,1443],
[1445,1444],
[1446,1444],
[1447,1443],
[1448,1447],
[1449,1448],
[1450,1449],
[1451,1450],
[1452,1451],
[1453,1452],
[1454,1453],
[1455,1454],
[1456,1455],
[1457,1456],
[1458,1457],
[1459,1458],
[1460,1459],
[1461,1460],
[1462,1461],
[1463,1462],
[1464,1462],
[1465,1464],
[1466,1465],
[1467,1466],
[1468,1465],
[1469,1468],
[1470,1469],
[1471,1469],
[1472,1468],
[1473,1472],
[1474,1473],
[1475,1473],
[1476,1472],
[1477,1476],
[1478,1477],
[1479,1476],
[1480,1479],
[1481,1480],
[1482,1479],
[1483,1482],
[1484,1483],
[1485,1483],
[1486,1482],
[1487,1486],
[1488,1487],
[1489,1487],
[1490,1486],
[1491,1490],
[1492,1491],
[1493,1490],
[1494,1493],
[1495,1494],
[1496,1495],
[1497,1496],
[1498,1495],
[1499,1498],
[1500,1499],
[1501,1499],
[1502,1498],
[1503,1502],
[1504,1503],
[1505,1503],
[1506,1502],
[1507,1506],
[1508,1507],
[1509,1507],
[1510,1506],
[1511,1510],
[1512,1511],
[1513,1511],
[1514,1510],
[1515,1514],
[1516,1515],
[1517,1514],
[1518,1517],
[1519,1518],
[1520,1517],
[1521,1520],
[1522,1521],
[1523,1521],
[1524,1520],
[1525,1524],
[1526,1525],
[1527,1525],
[1528,1524],
[1529,1528],
[1530,1529],
[1531,1528],
[1532,1531],
[1533,1532],
[1534,1531],
[1535,1534],
[1536,1535],
[1537,1534],
[1538,1537],
[1539,1538],
[1540,1539],
[1541,1540],
[1542,1540],
[1543,1542],
[1544,1543],
[1545,1544],
[1546,1543],
[1547,1546],
[1548,1460],
[1549,1548],
[1550,1548],
[1551,1459],
[1552,1551],
[1553,1458],
[1554,1553],
[1555,1457],
[1556,1555],
[1557,1555],
[1558,1456],
[1559,1558],
[1560,1558],
[1561,1455],
[1562,1561],
[1563,1561],
[1564,1454],
[1565,1564],
[1566,1453],
[1567,1452],
[1568,1567],
[1569,1567],
[1570,1451],
[1571,1570],
[1572,1570],
[1573,1450],
[1574,1573],
[1575,1573],
[1576,1449],
[1577,1576],
[1579,1578],
[1580,1579],
[1581,1579],
[1582,1581],
[1584,1583],
[1585,1584],
[1586,1584],
[1587,1586],
[1589,1588],
[1591,1590],
[1593,1592],
[1595,1594],
[1596,1595],
[1597,1596],
[1598,1597],
[1599,1596],
[1600,1599],
[1601,1600],
[1602,1601],
[1603,1596],
[1605,1604],
[1606,1605],
[1608,1607],
[1609,1608],
[1610,1608],
[1611,1610],
[1612,1611],
[1614,1613],
[1616,1615],
[1618,1617],
[1619,1618],
[1620,1619],
[1621,1618],
[1622,1621],
[1623,1622],
[1624,1622],
[1625,1621],
[1626,1625],
[1627,1626],
[1628,1626],
[1629,1625],
[1630,1629],
[1631,1630],
[1632,1630],
[1633,1629],
[1634,1633],
[1635,1634],
[1636,1634],
[1637,1633],
[1638,1637],
[1639,1638],
[1640,1638],
[1641,1637],
[1642,1641],
[1643,1642],
[1644,1643],
[1645,1644],
[1646,1643],
[1647,1646],
[1648,1647],
[1649,1642],
[1650,1617],
[1651,1650],
[1652,1651],
[1653,1652],
[1654,1651],
[1655,1654],
[1656,1655],
[1657,1655],
[1658,1654],
[1659,1658],
[1660,1659],
[1661,1659],
[1662,1658],
[1663,1662],
[1664,1663],
[1665,1663],
[1666,1662],
[1667,1666],
[1668,1667],
[1669,1667],
[1670,1666],
[1671,1670],
[1672,1671],
[1673,1671],
[1674,1670],
[1675,1674],
[1676,1675],
[1677,1675],
[1678,1674],
[1679,1678],
[1680,1679],
[1681,1680],
[1682,1681],
[1683,1682],
[1684,1683],
[1685,1684],
[1686,1685],
[1687,1686],
[1688,1687],
[1689,1688],
[1690,1689],
[1691,1690],
[1692,1691],
[1693,1692],
[1694,1693],
[1695,1693],
[1696,1695],
[1697,1696],
[1698,1697],
[1699,1696],
[1700,1699],
[1701,1700],
[1702,1700],
[1703,1699],
[1704,1703],
[1705,1704],
[1706,1704],
[1707,1703],
[1708,1707],
[1709,1708],
[1710,1707],
[1711,1710],
[1712,1711],
[1713,1710],
[1714,1713],
[1715,1714],
[1716,1714],
[1717,1713],
[1718,1717],
[1719,1718],
[1720,1718],
[1721,1717],
[1722,1721],
[1723,1722],
[1724,1721],
[1725,1724],
[1726,1725],
[1727,1726],
[1728,1727],
[1729,1726],
[1730,1729],
[1731,1730],
[1732,1730],
[1733,1729],
[1734,1733],
[1735,1734],
[1736,1734],
[1737,1733],
[1738,1737],
[1739,1738],
[1740,1738],
[1741,1737],
[1742,1741],
[1743,1742],
[1744,1742],
[1745,1741],
[1746,1745],
[1747,1746],
[1748,1745],
[1749,1748],
[1750,1749],
[1751,1748],
[1752,1751],
[1753,1752],
[1754,1752],
[1755,1751],
[1756,1755],
[1757,1756],
[1758,1756],
[1759,1755],
[1760,1759],
[1761,1760],
[1762,1759],
[1763,1762],
[1764,1763],
[1765,1762],
[1766,1765],
[1767,1766],
[1768,1765],
[1769,1768],
[1770,1769],
[1771,1770],
[1772,1771],
[1773,1771],
[1774,1773],
[1775,1774],
[1776,1775],
[1777,1774],
[1778,1777],
[1779,1691],
[1780,1779],
[1781,1779],
[1782,1690],
[1783,1782],
[1784,1689],
[1785,1784],
[1786,1688],
[1787,1786],
[1788,1786],
[1789,1687],
[1790,1789],
[1791,1789],
[1792,1686],
[1793,1792],
[1794,1792],
[1795,1685],
[1796,1795],
[1797,1684],
[1798,1683],
[1799,1798],
[1800,1798],
[1801,1682],
[1802,1801],
[1803,1801],
[1804,1681],
[1805,1804],
[1806,1804],
[1807,1680],
[1808,1807],
[1810,1809],
[1811,1810],
[1812,1810],
[1813,1812],
[1815,1814],
[1816,1815],
[1817,1815],
[1818,1817],
[1820,1819],
[1822,1821],
[1824,1823],
[1826,1825],
[1827,1826],
[1828,1827],
[1829,1828],
[1830,1827],
[1831,1830],
[1832,1831],
[1833,1832],
[1834,1827],
[1836,1835],
[1837,1836],
[1839,1838],
[1840,1839],
[1841,1839],
[1842,1841],
[1843,1842],
[1845,1844],
[1847,1846],
