[-37,-135,105],
[-37,-107,105],
[-37,-90,105],
[-34,-90,105],
[-21,-107,105],
[-21,-90,105],
[-18,-90,105],
[-26,-90,105],
[-4,-107,105],
[-4,-90,105],
[-1,-90,105],
[-9,-90,105],
[13,-107,105],
[13,-90,105],
[18,-90,105],
[7,-90,105],
[29,-107,105],
[29,-90,105],
[34,-90,105],
[26,-90,105],
[46,-107,105],
[46,-90,105],
[48,-90,105],
[43,-90,105],
[63,-107,105],
[63,-90,105],
[155,-90,105],
[155,-40,105],
[169,-40,105],
[189,-90,105],
[189,-40,105],
[177,-40,105],
[57,-90,105],
[-80,-135,105],
[-80,-107,105],
[-80,-90,105],
[-85,-90,105],
[-98,-107,105],
[-98,-90,105],
[-93,-90,105],
[-103,-90,105],
[-116,-107,105],
[-116,-90,105],
[-111,-90,105],
[-120,-90,105],
[-134,-107,105],
[-134,-90,105],
[-129,-90,105],
[-139,-90,105],
[-152,-107,105],
[-152,-90,105],
[-147,-90,105],
[-156,-90,105],
[-170,-107,105],
[-170,-90,105],
[-164,-90,105],
[-175,-90,105],
[-187,-107,105],
[-187,-90,105],
[-183,-90,105],
[-188,-90,105],
[-222,-107,105],
[-222,-90,105],
[-220,-90,105],
[-220,-68,105],
[-220,-44,105],
[-220,-21,105],
[-220,-5,105],
[-220,9,105],
[-220,25,105],
[-220,42,105],
[-220,59,105],
[-220,75,105],
[-220,93,105],
[-220,110,105],
[-220,124,105],
[-205,124,105],
[-205,121,105],
[-188,124,105],
[-188,110,105],
[-188,93,105],
[-185,93,105],
[-171,110,105],
[-171,93,105],
[-150,93,105],
[-177,93,105],
[-138,110,105],
[-138,93,105],
[-134,93,105],
[-142,93,105],
[-122,110,105],
[-122,93,105],
[-126,93,105],
[-105,110,105],
[-105,93,105],
[-82,93,105],
[-71,110,105],
[-71,93,105],
[-67,93,105],
[-74,93,105],
[-54,110,105],
[-54,93,105],
[-37,93,105],
[-59,93,105],
[-21,110,105],
[-21,93,105],
[-29,93,105],
[-21,136,105],
[22,136,105],
[22,109,105],
[22,93,105],
[25,93,105],
[39,109,105],
[39,93,105],
[44,93,105],
[33,93,105],
[56,109,105],
[56,93,105],
[61,93,105],
[52,93,105],
[73,109,105],
[73,93,105],
[80,93,105],
[69,93,105],
[89,109,105],
[89,93,105],
[94,93,105],
[88,93,105],
[106,109,105],
[106,93,105],
[102,93,105],
[123,109,105],
[123,93,105],
[126,93,105],
[139,109,105],
[139,93,105],
[146,93,105],
[135,93,105],
[156,109,105],
[156,93,105],
[160,93,105],
[154,93,105],
[173,109,105],
[173,93,105],
[168,93,105],
[189,109,105],
[189,93,105],
[193,93,105],
[206,109,105],
[206,93,105],
[201,93,105],
[222,109,105],
[222,77,105],
[189,77,105],
[189,64,105],
[189,60,105],
[207,64,105],
[207,48,105],
[207,31,105],
[191,31,105],
[189,48,105],
[189,52,105],
[-205,110,105],
[-205,106,105],
[-205,113,105],
[-205,93,105],
[-205,98,105],
[-205,75,105],
[-205,74,105],
[-205,59,105],
[-205,58,105],
[-205,66,105],
[-205,42,105],
[-205,41,105],
[-205,50,105],
[-205,25,105],
[-205,21,105],
[-205,33,105],
[-205,9,105],
[-205,13,105],
[-205,-5,105],
[-205,-21,105],
[-205,-24,105],
[-205,-13,105],
[-213,-44,105],
[-213,-43,105],
[-205,-44,105],
[-205,-58,105],
[-205,-32,105],
[-205,-68,105],
[-205,-70,105],
[-205,-66,105],
[-205,-90,105],
[-205,-78,105],
[-188,-75,105],
[-188,-55,105],
[-188,-34,105],
[-169,-55,105],
[-169,-74,105],
[96,-74,105],
[96,-58,105],
[96,-41,105],
[79,-58,105],
[79,-74,105],
[63,-74,105],
[-37,-74,105],
[-80,-74,105],
[-151,-74,105],
[189,16,105],
[189,30,105],
[173,16,105],
[173,32,105],
[156,32,105],
[156,16,105],
[173,16,105],
[156,48,105],
[173,48,105],
[173,77,105],
[123,77,105],
[96,32,105],
[-188,26,105],
[-188,77,105],
[-122,77,105],
[22,56,105],
[22,77,105],
[23,77,105],
[-21,77,105],
[-21,56,105],
[22,56,105],
[107,77,105],
[39,77,105],
[-36,77,105],
[-105,77,105],
[-37,-135,75],
[-37,-107,75],
[-37,-90,75],
[-34,-90,75],
[-21,-107,75],
[-21,-90,75],
[-18,-90,75],
[-26,-90,75],
[-4,-107,75],
[-4,-90,75],
[-1,-90,75],
[-9,-90,75],
[13,-107,75],
[13,-90,75],
[18,-90,75],
[7,-90,75],
[29,-107,75],
[29,-90,75],
[34,-90,75],
[26,-90,75],
[46,-107,75],
[46,-90,75],
[48,-90,75],
[43,-90,75],
[63,-107,75],
[63,-90,75],
[164,-90,75],
[164,-107,75],
[189,-107,75],
[189,-90,75],
[189,-74,75],
[189,16,75],
[189,31,75],
[207,31,75],
[207,48,75],
[207,64,75],
[207,77,75],
[222,77,75],
[222,109,75],
[206,109,75],
[206,93,75],
[201,93,75],
[189,109,75],
[189,93,75],
[193,93,75],
[173,109,75],
[173,93,75],
[168,93,75],
[156,109,75],
[156,93,75],
[160,93,75],
[154,93,75],
[139,109,75],
[139,93,75],
[146,93,75],
[135,93,75],
[123,109,75],
[123,93,75],
[126,93,75],
[106,109,75],
[106,93,75],
[102,93,75],
[89,109,75],
[89,93,75],
[94,93,75],
[69,93,75],
[56,109,75],
[56,93,75],
[61,93,75],
[33,93,75],
[22,109,75],
[22,93,75],
[25,93,75],
[22,136,75],
[-21,136,75],
[-21,110,75],
[-21,93,75],
[-29,93,75],
[-38,110,75],
[-38,93,75],
[-37,93,75],
[-42,93,75],
[-54,110,75],
[-54,93,75],
[-50,93,75],
[-59,93,75],
[-71,110,75],
[-71,93,75],
[-67,93,75],
[-74,93,75],
[-88,110,75],
[-88,93,75],
[-82,93,75],
[-93,93,75],
[-105,110,75],
[-105,93,75],
[-101,93,75],
[-122,110,75],
[-122,93,75],
[-126,93,75],
[-138,110,75],
[-138,93,75],
[-134,93,75],
[-142,93,75],
[-171,110,75],
[-171,93,75],
[-150,93,75],
[-177,93,75],
[-188,110,75],
[-188,93,75],
[-185,93,75],
[-188,127,75],
[-220,127,75],
[-220,110,75],
[-205,110,75],
[-205,93,75],
[-220,93,75],
[-220,75,75],
[-220,59,75],
[-220,42,75],
[-220,25,75],
[-220,9,75],
[-220,-5,75],
[-220,-21,75],
[-220,-44,75],
[-220,-68,75],
[-220,-90,75],
[-205,-90,75],
[-205,-78,75],
[-222,-90,75],
[-222,-107,75],
[-187,-107,75],
[-187,-90,75],
[-183,-90,75],
[-188,-90,75],
[-170,-107,75],
[-170,-90,75],
[-164,-90,75],
[-175,-90,75],
[-152,-107,75],
[-152,-90,75],
[-147,-90,75],
[-156,-90,75],
[-134,-107,75],
[-134,-90,75],
[-129,-90,75],
[-139,-90,75],
[-116,-107,75],
[-116,-90,75],
[-111,-90,75],
[-120,-90,75],
[-98,-107,75],
[-98,-90,75],
[-93,-90,75],
[-103,-90,75],
[-80,-107,75],
[-80,-135,75],
[-37,-135,75],
[-80,-90,75],
[-85,-90,75],
[-205,-68,75],
[-205,-70,75],
[-205,-66,75],
[-205,-44,75],
[-205,-58,75],
[-205,-32,75],
[-205,-21,75],
[-205,-24,75],
[-205,-13,75],
[-205,-5,75],
[-205,9,75],
[-205,13,75],
[-205,25,75],
[-205,21,75],
[-205,33,75],
[-205,42,75],
[-205,41,75],
[-205,50,75],
[-205,59,75],
[-205,58,75],
[-205,66,75],
[-205,75,75],
[-205,74,75],
[-203,110,75],
[-190,110,75],
[189,77,75],
[189,74,75],
[189,64,75],
[189,60,75],
[189,66,75],
[189,48,75],
[189,52,75],
[166,16,75],
[128,-74,75],
[128,16,75],
[150,16,75],
[173,-90,75],
[57,-90,75],
[-188,-75,75],
[-188,-55,75],
[-188,77,75],
[173,77,75],
[173,32,75],
[96,32,75],
[96,-58,75],
[96,-74,75],
[79,-58,75],
[79,-74,75],
[-169,-74,75],
[-169,-55,75],
[-188,-55,75],
[-37,-135,45],
[-37,-107,45],
[-37,-90,45],
[-34,-90,45],
[-21,-107,45],
[-21,-90,45],
[-18,-90,45],
[-26,-90,45],
[-4,-107,45],
[-4,-90,45],
[-1,-90,45],
[-9,-90,45],
[13,-107,45],
[13,-90,45],
[18,-90,45],
[7,-90,45],
[29,-107,45],
[29,-90,45],
[34,-90,45],
[26,-90,45],
[46,-107,45],
[46,-90,45],
[48,-90,45],
[43,-90,45],
[63,-107,45],
[63,-90,45],
[164,-90,45],
[164,-107,45],
[189,-107,45],
[189,-90,45],
[189,-74,45],
[189,-1,45],
[189,16,45],
[189,31,45],
[207,31,45],
[207,48,45],
[207,64,45],
[207,77,45],
[222,77,45],
[222,109,45],
[206,109,45],
[206,93,45],
[201,93,45],
[189,109,45],
[189,93,45],
[193,93,45],
[173,109,45],
[173,93,45],
[168,93,45],
[156,109,45],
[156,93,45],
[160,93,45],
[154,93,45],
[139,109,45],
[139,93,45],
[146,93,45],
[135,93,45],
[123,109,45],
[123,93,45],
[126,93,45],
[106,109,45],
[106,93,45],
[102,93,45],
[89,109,45],
[89,93,45],
[94,93,45],
[88,93,45],
[73,109,45],
[73,93,45],
[80,93,45],
[69,93,45],
[56,109,45],
[56,93,45],
[61,93,45],
[52,93,45],
[39,109,45],
[39,93,45],
[44,93,45],
[33,93,45],
[22,109,45],
[22,93,45],
[25,93,45],
[22,136,45],
[-21,136,45],
[-21,110,45],
[-21,93,45],
[-29,93,45],
[-38,110,45],
[-38,93,45],
[-37,93,45],
[-42,93,45],
[-54,110,45],
[-54,93,45],
[-50,93,45],
[-59,93,45],
[-71,110,45],
[-71,93,45],
[-67,93,45],
[-74,93,45],
[-88,110,45],
[-88,93,45],
[-82,93,45],
[-93,93,45],
[-105,110,45],
[-105,93,45],
[-101,93,45],
[-122,110,45],
[-122,93,45],
[-126,93,45],
[-138,110,45],
[-138,93,45],
[-134,93,45],
[-142,93,45],
[-171,110,45],
[-171,93,45],
[-150,93,45],
[-177,93,45],
[-188,110,45],
[-188,93,45],
[-185,93,45],
[-188,127,45],
[-205,127,45],
[-205,122,45],
[-220,127,45],
[-220,110,45],
[-220,93,45],
[-220,75,45],
[-220,59,45],
[-220,42,45],
[-220,25,45],
[-220,9,45],
[-220,-5,45],
[-220,-21,45],
[-220,-44,45],
[-220,-68,45],
[-220,-90,45],
[-205,-90,45],
[-205,-78,45],
[-222,-90,45],
[-222,-107,45],
[-187,-107,45],
[-187,-90,45],
[-183,-90,45],
[-188,-90,45],
[-170,-107,45],
[-170,-90,45],
[-164,-90,45],
[-175,-90,45],
[-152,-107,45],
[-152,-90,45],
[-147,-90,45],
[-156,-90,45],
[-134,-107,45],
[-134,-90,45],
[-129,-90,45],
[-139,-90,45],
[-116,-107,45],
[-116,-90,45],
[-111,-90,45],
[-120,-90,45],
[-98,-107,45],
[-98,-90,45],
[-93,-90,45],
[-103,-90,45],
[-80,-107,45],
[-80,-135,45],
[-37,-135,45],
[-80,-90,45],
[-85,-90,45],
[-205,-68,45],
[-205,-70,45],
[-205,-66,45],
[-205,-44,45],
[-205,-58,45],
[-205,-32,45],
[-205,-21,45],
[-205,-24,45],
[-205,-13,45],
[-205,-5,45],
[-205,9,45],
[-205,13,45],
[-205,25,45],
[-205,21,45],
[-205,33,45],
[-205,42,45],
[-205,41,45],
[-205,50,45],
[-205,59,45],
[-205,58,45],
[-205,66,45],
[-205,75,45],
[-205,74,45],
[-205,93,45],
[-205,96,45],
[-205,110,45],
[-205,106,45],
[-205,114,45],
[189,77,45],
[189,74,45],
[189,64,45],
[189,60,45],
[189,66,45],
[189,48,45],
[189,52,45],
[187,16,45],
[160,-1,45],
[160,16,45],
[179,16,45],
[157,16,45],
[128,-1,45],
[128,-51,45],
[128,16,45],
[149,16,45],
[128,-74,45],
[128,-64,45],
[173,-90,45],
[57,-90,45],
[-188,-75,45],
[-188,-55,45],
[-188,77,45],
[173,77,45],
[173,32,45],
[96,32,45],
[96,-24,45],
[96,-58,45],
[96,-74,45],
[110,-74,45],
[110,-64,45],
[79,-58,45],
[79,-74,45],
[-169,-74,45],
[-169,-55,45],
[-188,-55,45],
[110,-24,45],
[110,-25,45],
[110,-51,45],
[110,-37,45],
[-37,-135,15],
[-37,-107,15],
[-37,-90,15],
[-34,-90,15],
[-21,-107,15],
[-21,-90,15],
[-18,-90,15],
[-26,-90,15],
[-4,-107,15],
[-4,-90,15],
[-1,-90,15],
[-9,-90,15],
[13,-107,15],
[13,-90,15],
[18,-90,15],
[7,-90,15],
[29,-107,15],
[29,-90,15],
[34,-90,15],
[26,-90,15],
[46,-107,15],
[46,-90,15],
[48,-90,15],
[43,-90,15],
[63,-107,15],
[63,-90,15],
[128,-90,15],
[128,-107,15],
[158,-107,15],
[158,-90,15],
[164,-90,15],
[164,-107,15],
[189,-107,15],
[189,-90,15],
[189,-74,15],
[189,-52,15],
[189,-29,15],
[189,-6,15],
[189,16,15],
[189,31,15],
[207,31,15],
[207,48,15],
[207,64,15],
[207,77,15],
[222,77,15],
[222,109,15],
[206,109,15],
[206,93,15],
[201,93,15],
[189,109,15],
[189,93,15],
[193,93,15],
[173,109,15],
[173,93,15],
[168,93,15],
[156,109,15],
[156,93,15],
[160,93,15],
[154,93,15],
[139,109,15],
[139,93,15],
[146,93,15],
[135,93,15],
[123,109,15],
[123,93,15],
[126,93,15],
[106,109,15],
[106,93,15],
[102,93,15],
[89,109,15],
[89,93,15],
[94,93,15],
[88,93,15],
[73,109,15],
[73,93,15],
[80,93,15],
[69,93,15],
[56,109,15],
[56,93,15],
[61,93,15],
[52,93,15],
[39,109,15],
[39,93,15],
[44,93,15],
[33,93,15],
[22,109,15],
[22,93,15],
[25,93,15],
[22,136,15],
[-21,136,15],
[-21,110,15],
[-21,93,15],
[-29,93,15],
[-38,110,15],
[-38,93,15],
[-37,93,15],
[-42,93,15],
[-54,110,15],
[-54,93,15],
[-50,93,15],
[-59,93,15],
[-71,110,15],
[-71,93,15],
[-67,93,15],
[-74,93,15],
[-88,110,15],
[-88,93,15],
[-82,93,15],
[-93,93,15],
[-105,110,15],
[-105,93,15],
[-101,93,15],
[-122,110,15],
[-122,93,15],
[-126,93,15],
[-138,110,15],
[-138,93,15],
[-134,93,15],
[-142,93,15],
[-155,110,15],
[-155,93,15],
[-150,93,15],
[-160,93,15],
[-171,110,15],
[-171,93,15],
[-168,93,15],
[-177,93,15],
[-188,110,15],
[-188,93,15],
[-185,93,15],
[-188,127,15],
[-220,127,15],
[-220,110,15],
[-205,110,15],
[-205,93,15],
[-220,93,15],
[-220,75,15],
[-220,59,15],
[-220,42,15],
[-220,25,15],
[-220,9,15],
[-220,-5,15],
[-188,-5,15],
[-188,-55,15],
[-188,-90,15],
[-187,-90,15],
[-187,-107,15],
[-170,-107,15],
[-170,-90,15],
[-164,-90,15],
[-175,-90,15],
[-152,-107,15],
[-152,-90,15],
[-147,-90,15],
[-156,-90,15],
[-134,-107,15],
[-134,-90,15],
[-129,-90,15],
[-139,-90,15],
[-116,-107,15],
[-116,-90,15],
[-111,-90,15],
[-120,-90,15],
[-98,-107,15],
[-98,-90,15],
[-93,-90,15],
[-103,-90,15],
[-80,-107,15],
[-80,-135,15],
[-37,-135,15],
[-80,-90,15],
[-85,-90,15],
[-222,-107,15],
[-222,-90,15],
[-188,-90,15],
[-187,-90,15],
[-183,-90,15],
[-169,-55,15],
[-169,-74,15],
[79,-74,15],
[79,-58,15],
[96,-58,15],
[96,-74,15],
[96,32,15],
[173,32,15],
[173,77,15],
[-188,77,15],
[-188,-5,15],
[-205,9,15],
[-205,13,15],
[-205,25,15],
[-205,21,15],
[-205,33,15],
[-205,42,15],
[-205,41,15],
[-205,50,15],
[-205,59,15],
[-205,58,15],
[-205,66,15],
[-205,75,15],
[-205,74,15],
[-203,110,15],
[-190,110,15],
[189,77,15],
[189,74,15],
[189,64,15],
[189,60,15],
[189,66,15],
[189,48,15],
[189,52,15],
[152,16,15],
[152,9,15],
[152,-6,15],
[152,-9,15],
[152,1,15],
[152,-29,15],
[152,-31,15],
[152,-17,15],
[152,-52,15],
[152,-53,15],
[152,-39,15],
[152,-74,15],
[173,-90,15],
[139,-90,15],
[57,-90,15],
[141,-74,15],
[141,-37,15],
[141,0,15],
[141,16,15],
[116,0,15],
[116,-7,15],
[116,-37,15],
[116,-51,15],
[116,-34,15],
[116,-74,15],
[116,-64,15],
[152,-66,15],
[152,-61,15],
[116,-26,15],
[116,-15,15],
[189,-90,-15],
[189,16,-15],
[189,31,-15],
[207,31,-15],
[207,48,-15],
[207,64,-15],
[207,77,-15],
[222,77,-15],
[222,109,-15],
[206,109,-15],
[206,93,-15],
[201,93,-15],
[189,109,-15],
[189,93,-15],
[193,93,-15],
[173,109,-15],
[173,93,-15],
[168,93,-15],
[156,109,-15],
[156,93,-15],
[160,93,-15],
[154,93,-15],
[139,109,-15],
[139,93,-15],
[146,93,-15],
[135,93,-15],
[123,109,-15],
[123,93,-15],
[126,93,-15],
[106,109,-15],
[106,93,-15],
[102,93,-15],
[89,109,-15],
[89,93,-15],
[94,93,-15],
[88,93,-15],
[73,109,-15],
[73,93,-15],
[80,93,-15],
[69,93,-15],
[56,109,-15],
[56,93,-15],
[61,93,-15],
[52,93,-15],
[39,109,-15],
[39,93,-15],
[44,93,-15],
[33,93,-15],
[22,109,-15],
[22,93,-15],
[25,93,-15],
[22,136,-15],
[-21,136,-15],
[-21,110,-15],
[-21,93,-15],
[-105,110,-15],
[-105,93,-15],
[-122,110,-15],
[-122,93,-15],
[-126,93,-15],
[-188,110,-15],
[-188,93,-15],
[-188,77,-15],
[-105,77,-15],
[-105,84,-15],
[-21,77,-15],
[-21,84,-15],
[173,77,-15],
[173,32,-15],
[96,32,-15],
[96,16,-15],
[96,-90,-15],
[189,-90,-15],
[128,16,-15],
[-185,93,-15],
[189,77,-15],
[189,74,-15],
[189,64,-15],
[189,60,-15],
[189,66,-15],
[189,48,-15],
[189,52,-15],
[146,16,-15],
[-134,93,-15],
[-177,93,-15],
[189,-90,-45],
[189,16,-45],
[189,31,-45],
[207,31,-45],
[207,48,-45],
[207,64,-45],
[207,77,-45],
[189,77,-45],
[189,74,-45],
[173,77,-45],
[173,32,-45],
[96,32,-45],
[96,16,-45],
[96,-90,-45],
[189,-90,-45],
[130,16,-45],
[189,64,-45],
[189,60,-45],
[189,66,-45],
[189,48,-45],
[189,52,-45],
[145,16,-45],
[189,-90,-75],
[189,16,-75],
[189,31,-75],
[207,31,-75],
[207,48,-75],
[207,64,-75],
[207,77,-75],
[189,77,-75],
[189,74,-75],
[173,77,-75],
[173,32,-75],
[96,32,-75],
[96,16,-75],
[96,-90,-75],
[189,-90,-75],
[189,16,-75],
[189,64,-75],
[189,60,-75],
[189,66,-75],
[189,48,-75],
[189,52,-75],
[189,-90,-105],
[189,16,-105],
[189,31,-105],
[207,31,-105],
[207,48,-105],
[207,64,-105],
[207,77,-105],
[189,77,-105],
[189,74,-105],
[173,77,-105],
[173,32,-105],
[96,32,-105],
[96,16,-105],
[96,-90,-105],
[189,-90,-105],
[130,16,-105],
[189,64,-105],
[189,60,-105],
[189,66,-105],
[189,48,-105],
[189,52,-105],
[145,16,-105],
